time_sec,value
0.000000,142.271513
0.381087,143.169428
0.508116,143.212186
0.635145,143.212186
0.762174,143.212186
0.889203,143.212186
1.016231,143.212186
1.143260,143.212186
1.270289,143.212186
1.397318,143.212186
1.524347,143.212186
1.651376,143.212186
1.778405,143.212186
1.905434,143.212186
2.032463,143.212186
2.159492,143.212186
2.286521,143.212186
2.413550,143.212186
2.540579,143.212186
2.667608,143.212186
2.794637,143.212186
4.446013,142.955639
4.573042,142.955639
4.700071,142.955639
4.827100,142.955639
4.954128,142.955639
5.081157,142.955639
5.208186,142.955639
5.335215,142.955639
5.462244,142.528060
5.589273,142.528060
5.716302,142.528060
5.843331,142.528060
5.970360,142.528060
6.097389,142.528060
6.224418,142.442544
6.351447,142.442544
6.986591,139.577766
7.113620,139.577766
7.240649,139.577766
7.367678,139.577766
7.494707,139.577766
7.621736,139.577766
7.748765,139.577766
7.875794,139.577766
8.002823,139.577766
8.129852,139.577766
8.256881,139.577766
8.383910,139.577766
8.510939,139.577766
8.637968,139.577766
8.764996,139.577766
8.892025,139.577766
9.019054,141.630144
9.146083,141.672902
9.273112,141.715660
9.400141,141.758418
9.527170,141.758418
9.654199,141.758418
9.781228,141.758418
9.908257,141.758418
10.035286,141.758418
10.162315,141.758418
10.289344,141.758418
10.416373,141.758418
10.543402,141.672902
10.670430,141.672902
10.797459,141.501871
10.924488,141.501871
11.051517,141.501871
11.178546,141.501871
11.305575,141.501871
11.432604,141.501871
11.559633,141.416355
11.686662,141.416355
11.813691,141.245323
11.940720,141.245323
12.067749,141.245323
12.194778,141.245323
12.321807,139.577766
12.448836,139.577766
12.575865,139.577766
12.702893,139.577766
12.829922,139.577766
12.956951,139.577766
13.592096,139.577766
13.719125,139.577766
13.846154,139.577766
13.973183,139.577766
14.100212,139.577766
14.227241,139.577766
14.354270,139.577766
14.481299,139.577766
14.608327,139.449492
14.735356,139.449492
14.862385,137.482630
14.989414,137.482630
15.116443,138.123998
15.243472,138.166756
15.370501,138.166756
15.497530,138.166756
15.624559,138.166756
15.751588,138.166756
15.878617,138.166756
16.005646,138.166756
16.132675,138.166756
16.259704,138.166756
16.386733,138.081240
16.513761,138.081240
16.640790,137.910208
16.767819,137.910208
16.894848,136.627472
17.021877,136.627472
17.148906,136.627472
17.275935,136.627472
17.402964,136.541956
17.529993,136.541956
17.657022,134.233030
17.784051,134.233030
17.911080,134.233030
18.038109,134.233030
18.165138,133.890967
18.292167,133.890967
18.419195,134.104757
18.546224,134.147515
18.673253,134.233030
18.800282,134.233030
18.927311,134.233030
19.054340,134.233030
19.181369,134.233030
19.308398,134.233030
19.435427,134.233030
19.562456,134.233030
19.689485,134.233030
19.816514,134.233030
19.943543,133.890967
20.070572,133.890967
20.197601,133.206841
20.324629,133.206841
20.451658,133.206841
20.578687,133.206841
20.705716,132.779262
20.832745,132.779262
20.959774,133.848210
21.086803,133.890967
21.213832,133.890967
21.340861,133.890967
21.467890,134.233030
21.594919,134.233030
21.721948,134.233030
21.848977,134.233030
21.976006,134.233030
22.103035,134.233030
22.230064,134.233030
22.357092,134.233030
22.484121,134.061999
22.611150,134.061999
22.738179,134.233030
22.865208,134.233030
22.992237,134.233030
23.119266,134.233030
23.246295,134.233030
23.373324,134.233030
23.500353,134.233030
23.627382,134.233030
23.754411,133.634420
23.881440,133.634420
24.008469,134.233030
24.135498,134.233030
24.262526,134.233030
24.389555,134.233030
24.516584,134.233030
24.643613,134.233030
24.770642,134.233030
24.897671,134.233030
25.024700,136.413683
25.151729,136.456440
25.278758,136.456440
25.405787,136.456440
25.532816,136.456440
25.659845,136.456440
25.786874,136.456440
25.913903,136.456440
26.040932,136.456440
26.167960,136.456440
26.294989,136.456440
26.422018,136.456440
26.549047,136.456440
26.676076,136.456440
26.803105,136.456440
26.930134,136.456440
27.057163,134.233030
27.184192,134.233030
27.311221,134.233030
27.438250,134.233030
27.565279,134.061999
27.692308,134.061999
27.819337,134.104757
27.946366,134.147515
28.073394,134.147515
28.200423,134.147515
28.327452,134.147515
28.454481,134.147515
28.581510,134.147515
28.708539,134.147515
28.835568,134.147515
28.962597,134.147515
29.089626,132.864778
29.470713,132.864778
29.851800,134.233030
30.105857,136.670230
30.232886,136.712988
30.359915,136.712988
30.486944,136.712988
30.613973,136.712988
30.741002,136.712988
30.868031,138.123998
30.995060,144.152859
31.122089,144.152859
31.249118,144.409407
31.376147,144.409407
31.503176,144.409407
31.630205,144.409407
31.757234,144.409407
31.884263,144.409407
32.011291,144.409407
32.138320,144.409407
32.519407,149.412079
32.646436,149.412079
32.773465,151.079637
32.900494,151.079637
33.027523,154.671299
33.154552,154.671299
33.281581,154.671299
33.408610,154.671299
33.535639,154.671299
33.662668,154.671299
33.789697,154.671299
33.916725,154.671299
34.043754,154.671299
34.170783,154.671299
34.297812,154.158204
34.424841,154.158204
34.551870,154.158204
34.678899,154.158204
34.805928,154.072688
34.932957,154.072688
35.059986,151.849278
35.187015,151.849278
35.314044,151.849278
35.441073,151.849278
35.568102,149.412079
35.695131,149.412079
35.822159,149.412079
35.949188,149.412079
36.076217,149.412079
36.203246,149.412079
36.330275,146.205238
36.457304,146.205238
36.584333,144.152859
36.711362,144.110102
36.838391,141.501871
36.965420,141.501871
37.092449,141.501871
37.219478,141.459113
37.346507,139.107429
37.473536,139.064671
37.600565,138.936398
37.727594,138.936398
37.854622,138.936398
37.981651,138.936398
38.108680,138.936398
38.235709,138.936398
38.362738,138.936398
38.489767,138.893640
38.616796,136.969535
38.743825,136.969535
38.870854,137.055051
38.997883,137.055051
39.124912,137.397114
39.251941,137.397114
39.378970,138.337787
39.505999,138.337787
39.633028,139.577766
39.760056,139.577766
39.887085,139.577766
40.014114,139.577766
40.141143,139.577766
40.268172,139.577766
40.395201,139.577766
40.522230,139.577766
42.173606,139.577766
42.300635,139.577766
42.427664,139.577766
42.554693,139.577766
42.681722,139.577766
42.808751,210.000000
42.935780,210.000000
43.062809,210.000000
43.189838,210.000000
43.316867,210.000000
43.443896,210.000000
43.570924,210.000000
43.697953,210.000000
43.824982,210.000000
43.952011,210.000000
44.079040,188.792090
44.206069,188.792090
44.333098,139.406734
44.460127,138.765366
44.587156,138.765366
44.714185,138.765366
44.841214,138.765366
44.968243,138.765366
49.033169,81.683592
49.160198,134.233030
49.287227,134.233030
49.414255,134.233030
49.541284,187.423838
49.668313,187.423838
49.795342,187.423838
49.922371,187.423838
50.049400,187.423838
50.176429,187.423838
50.303458,187.423838
50.430487,134.061999
50.557516,134.233030
50.684545,134.233030
50.811574,134.233030
50.938603,134.233030
51.065632,134.233030
51.192661,134.233030
51.319689,134.233030
51.446718,134.233030
51.573747,133.548904
51.700776,133.506146
52.081863,137.055051
52.208892,137.055051
52.335921,137.140567
52.462950,137.140567
52.589979,137.140567
52.717008,137.140567
52.844037,137.140567
52.971066,137.140567
53.098095,139.449492
53.225124,139.449492
53.352152,139.577766
53.479181,139.577766
53.606210,139.577766
53.733239,139.577766
53.860268,139.577766
53.987297,139.577766
54.114326,139.577766
54.241355,139.577766
54.368384,139.577766
54.495413,139.577766
54.622442,139.577766
54.749471,139.577766
54.876500,139.449492
55.003529,139.406734
55.130558,139.021913
55.257586,139.021913
55.384615,139.577766
55.511644,139.577766
55.638673,139.577766
55.765702,139.577766
55.892731,141.245323
56.019760,141.245323
56.146789,141.245323
56.273818,141.245323
56.400847,141.245323
56.527876,141.245323
56.654905,141.245323
56.781934,141.245323
56.908963,141.245323
57.035992,141.245323
57.163020,141.245323
57.290049,141.245323
57.417078,139.577766
57.544107,139.577766
57.671136,139.577766
57.798165,139.577766
57.925194,138.508819
58.052223,138.508819
58.179252,138.508819
58.306281,138.508819
58.433310,138.508819
58.560339,138.466061
58.687368,138.423303
58.814397,138.380545
58.941426,138.337787
59.068454,138.295029
59.703599,138.679850
59.830628,138.679850
59.957657,138.679850
60.084686,138.679850
60.211715,138.679850
60.338744,138.679850
60.465773,138.679850
60.592802,138.679850
60.719831,138.679850
60.846860,138.637092
60.973888,138.166756
61.100917,138.123998
61.227946,137.140567
61.482004,137.910208
61.609033,137.910208
61.736062,137.910208
61.863091,137.910208
61.990120,137.910208
62.117149,137.910208
62.244178,137.910208
62.371207,137.910208
62.498236,137.910208
62.625265,137.910208
62.752294,137.910208
62.879323,137.910208
63.006351,137.739177
63.133380,137.696419
63.260409,137.568145
63.387438,137.568145
63.514467,137.568145
63.641496,137.568145
63.768525,137.568145
63.895554,137.568145
64.022583,138.423303
64.149612,138.423303
64.276641,138.508819
64.403670,138.508819
64.530699,138.508819
64.657728,138.508819
64.784757,138.508819
64.911785,138.508819
65.038814,138.508819
65.165843,138.508819
65.292872,138.423303
65.419901,138.423303
65.546930,138.423303
65.673959,138.423303
65.800988,138.423303
65.928017,138.423303
66.055046,138.337787
66.182075,138.337787
66.309104,138.765366
66.436133,138.765366
66.563162,138.936398
66.690191,138.936398
66.817219,138.936398
66.944248,138.936398
67.071277,138.936398
67.198306,138.936398
67.325335,138.936398
67.452364,138.936398
67.579393,138.936398
67.706422,138.936398
67.833451,137.397114
67.960480,137.397114
68.341567,134.233030
68.468596,134.233030
68.595625,134.233030
68.722653,134.233030
68.849682,134.233030
68.976711,134.233030
69.103740,134.233030
69.230769,134.233030
69.357798,134.233030
69.484827,134.233030
69.611856,137.568145
69.738885,137.568145
69.865914,138.423303
69.992943,138.423303
70.119972,139.577766
70.247001,139.577766
70.374030,139.577766
70.501059,139.577766
70.628088,141.587386
70.755116,141.587386
70.882145,141.758418
71.009174,141.758418
71.136203,141.758418
71.263232,141.758418
71.390261,141.758418
71.517290,141.758418
71.644319,141.758418
71.771348,141.758418
71.898377,141.758418
72.025406,141.758418
72.152435,141.587386
72.279464,141.587386
72.406493,139.577766
72.533522,139.577766
72.660550,139.535008
72.787579,139.535008
72.914608,139.449492
73.041637,139.449492
73.168666,139.449492
73.295695,139.449492
73.422724,139.363976
73.549753,139.363976
73.676782,138.166756
73.803811,138.166756
73.930840,138.850882
74.057869,138.850882
74.184898,138.850882
74.311927,138.850882
74.438956,138.850882
74.565984,138.850882
74.693013,138.850882
74.820042,138.850882
74.947071,137.910208
75.074100,137.910208
75.455187,139.363976
75.582216,139.363976
75.709245,139.363976
75.836274,139.363976
75.963303,139.363976
76.090332,139.363976
76.217361,139.363976
76.344390,139.363976
76.471418,139.577766
76.598447,139.577766
76.725476,139.577766
76.852505,139.577766
76.979534,139.577766
77.106563,139.577766
77.233592,139.577766
77.360621,139.577766
77.487650,139.577766
77.614679,139.577766
77.741708,139.449492
77.868737,139.449492
77.995766,139.449492
78.122795,139.449492
78.249824,139.449492
78.376853,139.449492
78.503881,139.449492
78.630910,139.449492
78.757939,139.449492
78.884968,139.449492
79.011997,139.363976
79.139026,139.363976
79.266055,138.166756
79.393084,138.166756
79.520113,137.140567
79.647142,137.140567
79.774171,137.311598
79.901200,137.311598
80.028229,139.278461
80.155258,139.278461
80.282287,141.501871
80.409315,141.501871
80.536344,141.501871
80.663373,141.501871
80.790402,141.501871
80.917431,141.501871
81.044460,141.501871
81.171489,141.501871
81.298518,141.501871
81.425547,141.501871
81.552576,141.501871
81.679605,141.501871
81.806634,141.501871
81.933663,141.501871
82.060692,138.936398
82.187721,138.936398
82.314749,139.107429
82.441778,139.107429
82.568807,139.192945
82.695836,139.192945
82.822865,139.278461
82.949894,139.278461
83.076923,139.278461
83.203952,139.278461
83.330981,139.577766
83.458010,139.577766
83.585039,139.577766
83.712068,139.577766
83.839097,139.577766
83.966126,139.577766
84.093155,139.577766
84.220183,139.577766
84.347212,139.577766
84.474241,139.577766
84.601270,139.577766
84.728299,139.577766
84.855328,139.577766
84.982357,139.577766
85.109386,141.245323
85.236415,141.245323
85.363444,141.245323
85.490473,141.245323
85.617502,142.014965
85.744531,142.014965
85.871560,142.271513
85.998589,142.271513
86.125618,142.271513
86.252646,142.271513
86.379675,142.271513
86.506704,142.271513
86.633733,142.271513
86.760762,142.271513
86.887791,142.271513
87.014820,142.271513
87.141849,141.501871
87.268878,141.501871
87.395907,141.501871
87.522936,141.501871
87.649965,141.501871
87.776994,141.501871
87.904023,141.245323
88.031052,141.245323
88.158080,141.245323
88.285109,141.245323
88.412138,141.245323
88.539167,141.245323
88.666196,141.245323
88.793225,141.245323
88.920254,141.245323
89.047283,141.245323
89.174312,139.577766
89.301341,139.577766
89.428370,139.577766
89.555399,139.577766
89.682428,139.577766
89.809457,139.577766
89.936486,139.577766
90.063514,139.577766
90.190543,139.577766
90.317572,139.577766
90.444601,139.577766
90.571630,139.577766
90.698659,139.577766
90.825688,139.577766
90.952717,141.672902
91.079746,141.672902
91.206775,141.672902
91.333804,141.672902
91.460833,141.672902
91.587862,141.672902
91.714891,141.672902
91.841920,141.672902
91.968948,141.672902
92.095977,141.672902
92.223006,141.587386
92.350035,141.587386
92.477064,139.577766
92.604093,139.577766
92.731122,139.577766
92.858151,139.577766
92.985180,139.577766
93.112209,139.577766
93.239238,139.577766
93.366267,139.577766
93.493296,139.577766
93.620325,139.577766
93.747354,139.577766
93.874382,139.577766
94.001411,139.577766
94.128440,139.577766
94.255469,139.577766
94.382498,139.577766
94.509527,139.577766
94.636556,139.577766
94.763585,139.577766
94.890614,139.577766
95.017643,139.577766
95.144672,139.577766
95.271701,139.577766
95.398730,139.577766
95.525759,137.739177
95.652788,137.739177
95.779817,139.577766
95.906845,139.577766
96.033874,139.577766
96.160903,139.577766
96.287932,139.577766
96.414961,139.577766
96.541990,139.577766
96.669019,139.577766
96.796048,139.577766
96.923077,139.577766
97.050106,139.577766
97.177135,139.577766
97.304164,139.577766
97.431193,139.577766
97.558222,139.577766
97.685251,139.577766
97.812279,139.577766
97.939308,139.577766
98.066337,139.577766
98.193366,139.577766
98.320395,139.577766
102.385321,137.226082
102.512350,137.226082
102.639379,137.226082
102.766408,137.226082
102.893437,137.226082
103.020466,185.072154
103.147495,185.072154
103.274524,185.072154
103.401553,185.072154
103.528582,185.072154
103.655610,185.072154
103.782639,185.072154
103.909668,185.072154
104.036697,185.072154
104.163726,185.072154
104.290755,136.627472
104.417784,136.627472
104.544813,185.072154
104.671842,185.072154
104.798871,185.072154
104.925900,185.072154
105.052929,185.072154
105.179958,185.072154
105.306987,185.072154
105.434016,185.072154
105.942131,137.311598
106.069160,137.311598
106.196189,137.397114
106.323218,137.397114
106.450247,137.397114
106.577276,137.397114
106.704305,137.653661
106.831334,137.653661
106.958363,137.653661
107.085392,137.653661
107.212421,137.653661
107.339450,137.653661
107.466478,137.653661
107.593507,185.072154
107.720536,185.072154
107.847565,185.072154
107.974594,185.072154
108.101623,185.072154
108.228652,185.072154
108.355681,185.072154
108.482710,185.072154
108.609739,185.072154
108.736768,185.072154
108.863797,185.072154
108.990826,185.072154
109.117855,185.072154
109.244884,185.072154
109.371912,185.072154
109.498941,185.072154
109.625970,185.072154
109.752999,185.072154
109.880028,185.072154
110.007057,185.072154
110.134086,185.072154
110.261115,185.072154
110.388144,138.252272
110.515173,138.252272
110.642202,138.252272
110.769231,138.252272
110.896260,138.252272
111.023289,138.252272
111.150318,138.252272
111.277347,138.081240
111.404375,138.081240
111.531404,137.311598
111.658433,185.072154
111.785462,185.072154
111.912491,185.072154
112.039520,185.072154
112.166549,185.072154
112.293578,185.072154
112.420607,185.072154
112.547636,185.072154
112.674665,185.072154
112.801694,185.072154
112.928723,185.072154
113.055752,185.072154
113.182781,185.072154
113.309809,185.072154
113.436838,185.072154
113.563867,185.072154
113.690896,136.199893
113.817925,136.199893
113.944954,136.199893
114.071983,136.199893
114.199012,136.199893
114.326041,136.114377
114.453070,136.114377
114.580099,136.028862
114.707128,185.072154
114.834157,185.072154
114.961186,185.072154
115.088215,185.072154
115.215243,185.072154
115.342272,185.072154
115.469301,185.072154
115.596330,185.072154
115.723359,185.072154
115.850388,185.072154
115.977417,185.072154
116.104446,185.072154
116.231475,185.072154
116.358504,185.072154
116.485533,185.072154
116.612562,185.072154
116.739591,185.072154
116.866620,185.072154
116.993649,185.072154
117.120677,185.072154
117.247706,185.072154
117.374735,185.072154
117.501764,185.072154
117.628793,185.072154
117.755822,185.072154
117.882851,185.072154
118.009880,185.072154
118.136909,185.072154
118.263938,185.072154
118.390967,185.072154
118.517996,135.943346
119.661256,136.199893
119.788285,136.199893
119.915314,136.199893
120.042343,136.199893
120.169372,136.199893
120.296401,136.199893
120.423430,136.199893
120.550459,136.199893
120.677488,136.199893
120.804517,136.199893
120.931546,136.199893
121.058574,136.199893
121.185603,136.199893
121.312632,136.199893
121.439661,136.199893
121.566690,136.199893
121.693719,136.028862
121.820748,136.028862
121.947777,135.857830
122.074806,135.857830
122.201835,136.114377
122.328864,136.114377
122.455893,136.114377
122.582922,136.114377
122.709951,136.114377
122.836980,136.114377
122.964008,136.114377
123.091037,136.114377
123.218066,136.114377
123.345095,136.114377
123.472124,136.114377
123.599153,185.072154
123.726182,185.072154
123.853211,185.072154
123.980240,185.072154
124.107269,185.072154
124.234298,185.072154
124.361327,185.072154
124.488356,185.072154
124.615385,185.072154
124.742414,185.072154
124.869442,185.072154
124.996471,185.072154
125.123500,185.072154
125.250529,185.072154
125.377558,185.072154
125.504587,185.072154
125.631616,185.072154
125.758645,185.072154
125.885674,137.397114
126.012703,137.482630
126.139732,185.072154
126.266761,185.072154
126.393790,185.072154
126.520819,185.072154
126.647848,185.072154
126.774876,185.072154
126.901905,185.072154
127.028934,185.072154
127.155963,185.072154
127.282992,185.072154
127.410021,185.072154
127.537050,185.072154
127.664079,139.449492
127.791108,139.449492
127.918137,139.449492
128.045166,139.449492
128.172195,139.449492
128.299224,139.449492
128.426253,139.449492
128.553282,139.449492
128.680311,139.449492
128.807339,137.653661
128.934368,137.653661
129.061397,137.653661
129.188426,137.653661
129.315455,137.739177
129.442484,137.739177
129.569513,137.739177
129.696542,137.739177
129.823571,137.739177
129.950600,137.739177
130.077629,137.739177
130.204658,137.739177
130.331687,136.627472
130.458716,136.627472
130.585745,136.627472
130.712773,136.627472
130.839802,136.712988
130.966831,136.712988
131.093860,136.712988
131.220889,136.712988
131.347918,136.712988
131.474947,185.072154
131.601976,185.072154
131.729005,185.072154
131.856034,185.072154
131.983063,185.072154
132.110092,185.072154
132.237121,185.072154
132.364150,185.072154
132.491179,185.072154
132.618207,185.072154
134.142555,134.233030
134.269584,134.233030
134.396613,134.233030
134.523641,134.233030
134.650670,134.233030
134.777699,134.233030
134.904728,134.233030
135.031757,134.233030
135.158786,135.857830
135.285815,135.857830
135.412844,135.943346
135.539873,135.943346
135.666902,135.943346
135.793931,135.943346
135.920960,135.943346
136.047989,135.943346
136.175018,135.943346
136.302047,135.943346
136.429076,135.943346
136.556104,135.943346
137.445307,135.857830
137.572336,135.857830
137.699365,135.857830
137.826394,135.857830
137.953423,135.857830
138.080452,135.857830
138.207481,135.857830
138.334510,135.857830
138.461538,135.857830
138.588567,135.857830
138.842625,185.072154
138.969654,185.072154
139.096683,185.072154
139.223712,185.072154
139.350741,185.072154
139.477770,185.072154
139.604799,185.072154
139.731828,185.072154
139.858857,185.072154
139.985886,185.072154
140.112915,185.072154
140.239944,185.072154
140.366972,136.712988
140.494001,136.712988
140.621030,136.712988
140.748059,136.627472
140.875088,136.627472
141.002117,136.456440
141.129146,136.456440
141.256175,136.456440
141.383204,136.456440
141.510233,136.456440
141.637262,136.456440
141.764291,136.456440
141.891320,136.456440
142.018349,136.028862
142.145378,136.028862
142.526464,136.798503
142.653493,136.798503
142.780522,136.969535
142.907551,136.969535
143.034580,136.969535
143.161609,136.969535
143.288638,136.969535
143.415667,136.969535
143.542696,136.969535
143.669725,136.969535
143.796754,136.969535
143.923783,136.969535
144.050812,136.969535
144.177841,136.969535
144.304869,136.712988
144.431898,136.712988
148.115737,141.929449
148.242766,141.929449
148.369795,142.014965
148.496824,142.014965
148.623853,142.014965
148.750882,142.014965
148.877911,142.014965
149.004940,142.014965
149.131969,142.014965
149.258998,142.014965
149.386027,141.929449
149.513056,141.929449
149.640085,137.910208
149.767114,137.910208
149.894143,137.653661
150.021171,137.653661
150.148200,136.456440
150.275229,136.456440
150.402258,135.943346
150.529287,135.943346
150.656316,135.943346
150.783345,135.943346
150.910374,135.943346
151.037403,135.943346
151.164432,135.943346
151.291461,135.943346
151.418490,135.943346
151.545519,135.943346
151.672548,135.943346
151.799577,135.943346
151.926606,134.233030
152.053634,134.233030
152.180663,134.233030
152.307692,134.233030
152.434721,134.233030
152.561750,134.233030
163.613267,136.199893
163.740296,136.199893
163.867325,136.199893
163.994354,136.199893
164.121383,136.199893
164.248412,136.199893
164.375441,136.884019
164.502470,136.884019
164.629499,136.969535
164.756528,136.969535
164.883557,136.969535
165.010586,136.969535
165.137615,136.969535
165.264644,136.969535
165.391673,136.969535
165.518701,136.969535
165.645730,136.884019
165.772759,136.884019
165.899788,136.199893
166.026817,136.199893
166.153846,134.233030
166.280875,134.233030
166.407904,134.233030
166.534933,134.233030
166.661962,134.233030
166.788991,134.233030
166.916020,134.061999
167.043049,134.061999
167.170078,136.199893
167.297107,136.199893
167.424135,136.199893
167.551164,136.199893
167.678193,136.199893
167.805222,136.199893
167.932251,136.199893
168.059280,136.199893
168.186309,136.285409
168.313338,136.285409
168.440367,136.712988
168.567396,136.712988
168.694425,136.712988
168.821454,136.712988
168.948483,136.712988
169.075512,136.712988
169.202541,136.712988
169.329570,136.712988
169.456598,136.712988
169.583627,136.712988
169.710656,136.712988
169.837685,136.712988
169.964714,136.712988
170.091743,136.712988
170.218772,136.627472
170.345801,136.627472
170.472830,136.456440
170.599859,136.456440
170.726888,136.456440
170.853917,136.456440
170.980946,136.456440
171.107975,136.456440
171.235004,136.456440
171.362032,136.456440
171.489061,136.456440
171.616090,136.456440
171.743119,136.456440
171.870148,136.456440
171.997177,136.285409
172.124206,136.285409
172.251235,134.233030
172.378264,134.233030
172.505293,134.233030
172.632322,134.233030
172.759351,134.061999
172.886380,134.061999
173.013409,133.976483
173.140438,133.976483
173.267466,133.805452
173.394495,133.805452
173.521524,133.377873
173.648553,133.377873
173.775582,133.805452
173.902611,133.805452
174.029640,133.976483
174.156669,133.976483
174.283698,133.976483
174.410727,133.976483
174.537756,133.976483
174.664785,133.976483
174.791814,134.147515
174.918843,134.147515
175.045872,134.233030
175.172900,134.233030
175.299929,134.233030
175.426958,134.233030
175.553987,134.233030
175.681016,134.233030
175.808045,134.233030
175.935074,134.233030
176.062103,134.233030
176.189132,134.233030
176.316161,134.233030
176.443190,134.233030
176.570219,134.233030
176.697248,134.233030
176.824277,134.233030
176.951306,134.233030
177.078335,134.233030
177.205363,134.233030
177.332392,134.061999
177.459421,134.061999
177.586450,133.976483
177.713479,133.976483
177.840508,133.890967
177.967537,133.890967
178.094566,133.634420
178.221595,133.634420
178.348624,133.121325
178.475653,133.121325
178.602682,133.121325
178.729711,133.121325
178.856740,133.121325
178.983769,133.121325
179.110797,133.121325
179.237826,133.121325
179.364855,133.121325
179.491884,133.121325
179.618913,133.121325
179.745942,133.121325
179.872971,133.206841
180.000000,133.206841
180.127029,133.890967
180.254058,133.890967
180.381087,134.233030
180.508116,134.233030
180.635145,134.233030
180.762174,134.233030
180.889203,134.233030
181.016231,134.233030
181.143260,134.233030
181.270289,134.233030
183.429781,135.943346
183.556810,135.943346
183.683839,136.456440
183.810868,136.456440
183.937897,136.712988
184.064926,136.712988
184.191955,136.712988
184.318984,136.712988
184.446013,136.712988
184.573042,136.712988
184.700071,136.712988
184.827100,136.712988
184.954128,136.712988
185.081157,136.712988
185.208186,136.627472
185.335215,136.627472
186.224418,134.233030
186.351447,134.233030
186.478476,134.233030
186.605505,134.233030
186.732534,134.233030
186.859562,134.233030
186.986591,134.233030
187.113620,134.233030
187.240649,134.233030
187.367678,134.233030
187.494707,134.233030
187.621736,134.233030
187.748765,134.233030
187.875794,134.233030
188.002823,134.233030
188.129852,134.233030
188.256881,134.233030
188.383910,134.233030
188.510939,134.233030
188.637968,134.233030
188.764996,134.233030
188.892025,134.233030
189.019054,134.233030
190.035286,136.627472
190.162315,136.627472
190.289344,136.712988
190.416373,136.712988
190.543402,136.712988
190.670430,136.712988
190.797459,136.712988
190.924488,136.712988
191.051517,136.712988
191.178546,136.712988
191.305575,136.712988
191.432604,136.712988
191.559633,136.627472
191.686662,136.627472
191.940720,136.199893
192.321807,134.233030
192.448836,134.233030
192.575865,134.233030
192.702893,134.233030
192.829922,134.233030
192.956951,134.233030
193.083980,134.233030
193.211009,134.233030
193.338038,134.147515
193.465067,134.147515
193.592096,133.976483
193.719125,133.976483
193.846154,133.890967
193.973183,133.890967
194.100212,133.719936
194.227241,133.719936
194.354270,133.377873
194.481299,133.377873
194.608327,133.121325
194.735356,133.121325
194.862385,132.864778
194.989414,132.864778
195.116443,132.864778
195.243472,132.864778
195.370501,132.864778
195.497530,132.864778
195.624559,132.693747
195.751588,132.693747
195.878617,132.009621
196.005646,132.009621
196.132675,132.009621
196.259704,132.009621
196.386733,131.582042
196.513761,131.582042
196.640790,131.239979
196.767819,131.239979
196.894848,131.239979
197.021877,131.239979
197.148906,131.154463
197.275935,131.154463
197.402964,132.095136
197.529993,132.095136
197.657022,132.095136
197.784051,132.095136
197.911080,132.095136
198.038109,132.095136
198.165138,132.095136
198.292167,132.095136
198.419195,132.180652
198.546224,132.180652
198.673253,133.078568
198.800282,133.121325
198.927311,133.164083
199.054340,133.206841
199.181369,133.206841
199.308398,133.206841
199.435427,133.762694
199.562456,133.805452
199.689485,133.933725
199.816514,133.976483
199.943543,133.976483
200.070572,133.976483
200.197601,133.976483
200.324629,133.976483
200.451658,133.976483
200.578687,133.976483
200.705716,133.976483
200.832745,133.976483
200.959774,133.976483
201.086803,133.976483
201.213832,133.805452
201.340861,133.805452
201.467890,133.719936
201.594919,133.719936
201.721948,133.719936
201.848977,133.719936
201.976006,133.548904
202.103035,133.548904
202.230064,133.377873
202.357092,133.377873
202.484121,133.377873
202.611150,133.377873
202.738179,132.522715
202.865208,132.522715
202.992237,132.437199
203.119266,132.437199
203.246295,132.351684
203.373324,132.351684
203.500353,131.924105
203.627382,131.924105
203.754411,131.838589
203.881440,131.838589
204.008469,131.838589
204.135498,131.838589
204.262526,133.249599
204.389555,133.292357
204.516584,133.335115
204.643613,133.377873
204.770642,134.233030
204.897671,134.233030
205.024700,134.233030
205.151729,134.233030
205.278758,134.233030
205.405787,134.233030
205.532816,134.233030
205.659845,134.233030
205.786874,134.233030
205.913903,134.233030
206.040932,134.233030
206.167960,134.233030
206.294989,134.233030
206.422018,134.233030
206.549047,134.233030
206.676076,134.233030
206.803105,134.233030
206.930134,134.233030
207.057163,134.233030
207.184192,134.233030
207.311221,134.233030
207.438250,134.233030
207.565279,133.976483
207.692308,133.976483
207.819337,133.890967
207.946366,133.890967
208.073394,134.104757
208.200423,134.147515
208.327452,134.233030
208.454481,134.233030
208.581510,134.233030
208.708539,134.233030
208.835568,134.233030
208.962597,134.233030
209.089626,134.233030
209.216655,134.233030
209.343684,134.233030
209.470713,134.233030
209.597742,134.233030
209.724771,134.233030
209.851800,135.900588
209.978829,135.943346
210.105857,135.943346
210.232886,135.943346
210.359915,135.943346
210.486944,135.943346
210.613973,135.943346
210.741002,135.943346
214.805928,147.830037
214.932957,147.830037
215.059986,147.915553
215.187015,147.915553
215.314044,147.915553
215.441073,147.915553
215.568102,149.027258
215.695131,149.027258
215.822159,149.412079
215.949188,149.412079
216.076217,149.412079
216.203246,149.412079
216.330275,149.412079
216.457304,149.412079
216.584333,149.412079
216.711362,149.412079
216.838391,149.412079
216.965420,149.412079
217.092449,149.412079
217.219478,149.412079
217.346507,149.412079
217.473536,149.412079
217.600565,149.112774
217.727594,149.112774
217.854622,149.112774
217.981651,149.112774
218.108680,148.770711
218.235709,148.770711
218.362738,147.915553
218.489767,147.915553
218.616796,147.915553
218.743825,147.915553
218.870854,147.915553
218.997883,147.915553
219.124912,147.830037
219.251941,147.830037
219.378970,147.659006
219.505999,147.659006
219.633028,146.034206
219.760056,146.034206
219.887085,144.409407
220.014114,144.409407
220.141143,144.409407
220.268172,144.409407
220.395201,144.409407
220.522230,144.409407
220.649259,144.067344
220.776288,144.067344
220.903317,144.067344
221.030346,144.067344
221.157375,144.067344
221.284404,144.067344
221.411433,144.067344
221.538462,144.067344
221.665490,144.152859
221.792519,144.152859
221.919548,144.323891
222.046577,144.323891
222.173606,144.323891
222.300635,144.323891
222.427664,144.323891
222.554693,144.323891
222.681722,144.323891
222.808751,144.323891
223.189838,146.119722
223.316867,146.119722
223.443896,146.290754
223.570924,146.290754
223.697953,146.461785
223.824982,146.461785
223.952011,146.632817
224.079040,146.632817
224.206069,146.632817
224.333098,146.632817
224.460127,146.632817
224.587156,146.632817
224.714185,146.632817
224.841214,146.632817
224.968243,146.632817
225.095272,146.632817
225.222301,146.632817
225.349330,146.632817
225.476359,146.547301
225.603387,146.547301
225.730416,146.803848
225.857445,146.803848
225.984474,146.803848
226.111503,146.803848
226.238532,147.060396
226.365561,147.060396
226.492590,147.402459
226.619619,147.402459
226.746648,147.402459
226.873677,147.402459
227.000706,147.402459
227.127735,147.402459
227.254764,147.402459
227.381793,147.402459
227.508821,147.316943
227.635850,147.316943
227.762879,146.547301
227.889908,146.547301
228.016937,146.376269
228.143966,146.376269
228.270995,146.376269
228.398024,146.376269
228.525053,146.376269
228.652082,146.376269
228.779111,146.290754
228.906140,146.290754
229.033169,146.119722
229.160198,146.119722
229.287227,146.119722
229.414255,146.119722
229.541284,146.034206
229.668313,146.034206
229.795342,146.034206
229.922371,146.034206
230.049400,146.034206
230.176429,146.034206
230.811574,144.409407
230.938603,144.409407
231.065632,144.409407
231.192661,144.409407
231.319689,144.409407
231.446718,144.409407
231.573747,144.409407
231.700776,144.409407
231.827805,144.409407
231.954834,144.409407
232.081863,144.067344
232.208892,144.067344
232.335921,144.067344
232.462950,144.067344
232.589979,144.067344
232.717008,144.067344
232.844037,143.896312
232.971066,143.896312
233.098095,143.725281
233.225124,143.725281
233.352152,143.383218
233.479181,143.383218
234.114326,143.297702
234.241355,143.297702
234.368384,143.297702
234.495413,143.297702
234.622442,143.297702
234.749471,143.297702
234.876500,143.297702
235.003529,143.297702
235.130558,143.126670
235.257586,143.126670
235.384615,142.955639
235.511644,142.955639
235.638673,142.955639
235.765702,142.955639
235.892731,143.981828
236.019760,143.981828
236.146789,144.067344
236.273818,144.067344
236.400847,144.409407
236.527876,144.409407
236.654905,144.409407
236.781934,144.409407
236.908963,144.409407
237.035992,144.409407
237.163020,144.409407
237.290049,144.409407
237.417078,144.409407
237.544107,144.409407
238.433310,144.409407
238.560339,144.409407
238.687368,144.409407
238.814397,144.409407
238.941426,144.409407
239.068454,144.409407
239.195483,144.409407
239.322512,144.409407
239.449541,144.067344
239.576570,144.067344
239.703599,143.810796
239.830628,143.810796
239.957657,144.067344
240.084686,144.067344
240.211715,144.409407
240.338744,144.409407
240.465773,144.409407
240.592802,144.409407
240.719831,144.409407
240.846860,144.409407
240.973888,144.409407
241.100917,144.409407
241.227946,144.409407
241.354975,144.409407
241.482004,144.409407
241.609033,144.409407
241.736062,144.409407
241.863091,144.409407
241.990120,142.784607
242.117149,142.784607
242.244178,142.870123
242.371207,142.870123
242.498236,143.554249
242.625265,143.554249
242.752294,143.554249
242.879323,143.554249
243.006351,143.554249
243.133380,143.554249
243.260409,143.554249
243.387438,143.554249
243.514467,143.554249
243.641496,143.554249
243.768525,143.554249
243.895554,143.554249
244.022583,143.554249
244.149612,143.554249
244.276641,143.554249
244.403670,143.554249
244.530699,143.554249
244.657728,143.554249
244.784757,143.554249
244.911785,143.554249
245.038814,143.554249
245.165843,143.554249
245.292872,143.554249
245.419901,143.554249
245.546930,143.554249
245.673959,143.554249
245.800988,143.725281
245.928017,143.725281
246.055046,144.238375
246.182075,144.238375
246.309104,144.323891
246.436133,144.323891
246.563162,144.323891
246.690191,144.323891
246.817219,144.323891
246.944248,144.323891
247.071277,144.323891
247.198306,144.323891
247.325335,144.323891
247.452364,144.323891
247.579393,144.323891
247.706422,144.323891
247.833451,144.323891
247.960480,144.323891
248.087509,144.323891
248.214538,144.323891
248.341567,144.323891
248.468596,144.323891
248.595625,144.323891
248.722653,144.323891
248.849682,144.323891
248.976711,144.323891
249.103740,144.323891
249.230769,144.323891
249.357798,144.323891
249.484827,144.323891
249.611856,144.323891
249.738885,144.323891
249.865914,144.323891
249.992943,144.323891
250.119972,144.323891
250.247001,144.323891
250.374030,144.323891
250.501059,144.323891
250.628088,144.238375
250.755116,144.238375
250.882145,144.067344
251.009174,144.067344
251.136203,144.067344
251.263232,144.067344
251.390261,144.067344
251.517290,144.067344
251.644319,144.067344
251.771348,144.067344
251.898377,143.126670
252.025406,143.126670
252.152435,143.041154
252.279464,143.041154
252.406493,143.041154
252.533522,143.041154
252.660550,143.041154
252.787579,143.041154
252.914608,142.784607
253.041637,142.784607
253.168666,142.784607
253.295695,142.784607
253.422724,142.784607
253.549753,142.784607
253.676782,144.238375
253.803811,144.238375
253.930840,144.238375
254.057869,144.238375
254.184898,144.238375
254.311927,144.238375
254.438956,144.238375
254.565984,144.238375
255.201129,144.409407
255.328158,144.409407
255.455187,144.409407
255.582216,144.409407
255.709245,144.409407
255.836274,144.409407
255.963303,144.409407
256.090332,144.409407
256.217361,143.639765
256.344390,143.639765
256.471418,143.554249
256.598447,143.554249
256.725476,143.383218
256.852505,143.383218
256.979534,141.929449
257.106563,141.929449
257.233592,141.758418
257.360621,141.758418
257.487650,141.758418
257.614679,141.758418
257.741708,141.245323
257.868737,141.245323
257.995766,139.577766
258.122795,139.577766
258.249824,139.577766
258.376853,139.577766
258.503881,138.166756
258.630910,138.166756
258.757939,137.995724
258.884968,137.995724
259.011997,137.995724
259.139026,137.995724
259.266055,137.995724
259.393084,137.995724
259.520113,137.995724
259.647142,137.995724
259.774171,143.383218
259.901200,143.383218
260.028229,144.409407
260.155258,144.409407
260.282287,144.409407
260.409315,144.409407
260.536344,144.409407
260.663373,144.409407
260.790402,144.409407
260.917431,144.409407
261.298518,144.409407
261.425547,144.409407
261.552576,144.409407
261.679605,144.409407
261.806634,144.409407
261.933663,144.409407
262.060692,144.409407
262.187721,144.409407
262.314749,143.896312
262.441778,143.896312
262.568807,143.810796
262.695836,143.810796
262.822865,143.810796
262.949894,143.810796
263.076923,143.725281
263.203952,143.725281
263.330981,142.699091
263.458010,142.699091
263.585039,142.699091
263.712068,142.699091
263.839097,142.271513
263.966126,142.271513
264.093155,142.699091
264.220183,142.699091
264.347212,142.784607
264.474241,142.784607
264.601270,142.784607
264.728299,142.784607
264.855328,142.784607
264.982357,142.784607
265.109386,142.784607
265.236415,142.784607
265.363444,142.784607
265.490473,142.784607
265.617502,142.699091
265.744531,142.699091
265.871560,142.528060
265.998589,142.528060
266.125618,142.442544
266.252646,142.442544
266.379675,141.758418
266.506704,141.758418
266.633733,141.758418
266.760762,141.758418
266.887791,141.758418
267.014820,141.758418
267.141849,141.843934
267.268878,141.843934
267.395907,144.323891
267.522936,144.323891
267.649965,144.323891
267.776994,144.323891
267.904023,144.323891
268.031052,144.323891
268.158080,144.323891
268.285109,144.323891
268.412138,144.323891
268.539167,144.323891
268.666196,143.981828
268.793225,143.981828
268.920254,143.041154
269.047283,143.041154
269.174312,143.041154
273.493296,139.449492
273.620325,139.449492
273.747354,139.449492
273.874382,139.449492
274.001411,139.449492
274.128440,139.449492
274.255469,139.449492
274.382498,139.449492
274.509527,139.363976
274.636556,139.363976
274.763585,139.192945
274.890614,139.192945
275.017643,138.679850
275.144672,138.679850
275.271701,137.995724
275.398730,137.995724
275.525759,137.995724
275.652788,137.995724
275.779817,137.910208
275.906845,137.910208
276.033874,134.233030
276.160903,134.233030
276.287932,134.233030
276.414961,134.233030
276.541990,134.233030
276.669019,134.233030
276.796048,134.233030
276.923077,134.233030
277.050106,134.233030
277.177135,134.233030
277.304164,134.233030
277.431193,134.233030
277.558222,137.739177
277.685251,137.739177
277.812279,137.739177
277.939308,137.739177
278.066337,138.166756
278.193366,138.166756
278.320395,138.166756
278.447424,138.166756
278.574453,138.166756
278.701482,138.166756
278.828511,138.166756
278.955540,138.166756
279.082569,138.166756
279.209598,138.166756
279.336627,138.166756
279.463656,138.166756
279.590685,137.995724
279.717713,137.995724
279.844742,137.995724
279.971771,137.995724
280.098800,137.910208
280.225829,137.910208
280.352858,136.456440
280.479887,136.456440
280.606916,136.456440
280.733945,136.456440
280.860974,136.456440
280.988003,136.456440
281.115032,136.199893
281.242061,136.199893
281.369090,135.943346
281.496119,135.943346
282.131263,138.423303
282.258292,138.423303
282.385321,139.278461
282.512350,139.278461
282.639379,139.577766
282.766408,139.577766
282.893437,139.577766
283.020466,139.577766
283.147495,139.577766
283.274524,139.577766
283.401553,144.067344
283.528582,144.067344
283.655610,144.067344
283.782639,144.067344
283.909668,144.067344
284.036697,144.067344
284.163726,148.001069
284.290755,148.001069
284.417784,148.086585
284.544813,148.086585
284.671842,148.086585
284.798871,148.086585
284.925900,148.086585
285.052929,148.086585
285.179958,148.086585
285.306987,148.086585
285.688073,148.856227
285.815102,148.856227
285.942131,148.856227
286.069160,148.856227
286.196189,149.412079
286.323218,149.412079
286.450247,149.412079
286.577276,149.412079
286.704305,152.789952
286.831334,152.789952
286.958363,153.901657
287.085392,153.901657
287.212421,153.901657
287.339450,153.901657
287.466478,153.901657
287.593507,153.901657
287.720536,153.901657
287.847565,153.901657
287.974594,153.901657
288.101623,153.901657
288.228652,153.217531
288.355681,153.217531
288.482710,153.132015
288.609739,153.132015
288.736768,153.132015
288.863797,153.132015
288.990826,153.046499
289.117855,153.046499
289.244884,152.105826
289.371912,152.105826
289.498941,152.105826
289.625970,152.105826
289.752999,149.412079
289.880028,149.412079
290.007057,149.412079
290.134086,149.412079
290.261115,147.915553
290.388144,147.915553
290.515173,147.915553
290.642202,147.915553
290.769231,146.547301
290.896260,146.547301
291.023289,143.468733
291.150318,143.468733
291.277347,143.468733
291.404375,143.468733
291.531404,142.870123
291.658433,142.870123
291.785462,141.501871
291.912491,141.501871
292.039520,141.501871
292.166549,141.501871
292.293578,141.501871
292.420607,141.501871
292.547636,141.501871
292.674665,141.501871
292.801694,139.535008
292.928723,139.535008
293.055752,139.449492
293.182781,139.449492
293.309809,138.679850
293.436838,138.679850
293.563867,138.679850
293.690896,138.679850
293.817925,137.226082
293.944954,137.226082
294.071983,134.233030
294.199012,134.233030
294.326041,134.233030
294.453070,134.233030
294.580099,134.233030
294.707128,134.233030
294.834157,134.233030
294.961186,134.233030
295.088215,134.233030
295.215243,134.233030
295.342272,131.838589
295.469301,131.838589
295.596330,129.273116
295.723359,129.273116
295.850388,129.273116
295.977417,129.273116
296.104446,129.273116
296.231475,129.273116
296.358504,129.187600
296.485533,129.187600
296.612562,128.246927
296.739591,128.246927
296.866620,128.246927
296.993649,128.246927
297.120677,125.938001
297.247706,125.938001
297.628793,129.273116
297.755822,129.273116
297.882851,129.273116
298.009880,129.273116
298.136909,129.273116
298.263938,129.273116
298.390967,129.273116
298.517996,129.273116
298.645025,129.273116
298.772054,129.273116
298.899083,129.273116
299.026112,129.273116
299.153140,129.273116
299.280169,129.273116
299.407198,129.016569
299.534227,129.016569
299.661256,132.095136
299.788285,132.095136
299.915314,132.095136
300.042343,132.095136
300.169372,132.095136
300.296401,132.095136
300.423430,132.095136
300.550459,132.095136
300.677488,134.233030
300.804517,134.233030
300.931546,134.233030
301.058574,134.233030
301.185603,134.233030
301.312632,134.233030
301.439661,134.233030
301.566690,134.233030
302.964008,136.712988
303.091037,136.712988
303.218066,136.969535
303.345095,136.969535
303.472124,136.969535
303.599153,136.969535
303.726182,137.140567
303.853211,137.140567
303.980240,137.311598
304.107269,137.311598
304.234298,137.653661
304.361327,137.653661
304.488356,137.653661
304.615385,137.653661
304.742414,137.653661
304.869442,137.653661
304.996471,137.653661
305.123500,137.653661
305.250529,137.653661
305.377558,137.653661
305.504587,137.824693
305.631616,137.824693
305.758645,137.995724
305.885674,137.995724
306.012703,138.936398
306.139732,138.936398
306.266761,138.936398
306.393790,138.936398
306.520819,138.936398
306.647848,138.936398
306.774876,138.936398
306.901905,138.936398
307.028934,139.107429
307.155963,139.107429
307.282992,139.192945
307.410021,139.192945
307.537050,139.278461
307.664079,139.278461
307.791108,139.278461
307.918137,139.278461
308.045166,139.278461
308.172195,139.278461
308.299224,139.278461
308.426253,139.278461
308.553282,139.192945
308.680311,139.192945
308.807339,139.021913
308.934368,139.021913
309.061397,138.936398
309.188426,138.936398
309.315455,137.397114
309.442484,137.397114
309.569513,137.397114
309.696542,137.397114
309.823571,137.397114
309.950600,137.397114
310.077629,137.397114
310.204658,137.397114
310.331687,136.627472
310.458716,136.627472
310.585745,136.627472
310.712773,136.627472
310.839802,136.969535
310.966831,136.969535
311.093860,136.969535
311.220889,136.969535
311.347918,136.969535
311.474947,136.969535
311.601976,136.969535
311.729005,136.969535
311.856034,138.423303
311.983063,138.423303
312.110092,138.423303
312.237121,138.423303
312.364150,138.423303
312.491179,138.423303
312.618207,138.679850
312.745236,138.679850
312.872265,138.679850
312.999294,138.679850
313.126323,138.936398
313.253352,138.936398
313.380381,139.021913
313.507410,139.021913
313.634439,139.021913
313.761468,139.021913
313.888497,139.021913
314.015526,139.021913
314.142555,139.021913
314.269584,139.021913
314.650670,139.021913
314.777699,139.021913
314.904728,139.021913
315.031757,139.021913
315.158786,139.021913
315.285815,139.021913
315.412844,139.021913
315.539873,139.021913
315.666902,139.021913
315.793931,139.021913
315.920960,139.021913
316.047989,139.021913
316.175018,138.936398
316.302047,138.936398
316.429076,137.995724
316.556104,137.995724
316.683133,137.226082
316.810162,137.226082
316.937191,137.226082
317.064220,137.226082
317.191249,137.226082
317.318278,137.226082
317.445307,137.226082
317.572336,137.226082
317.699365,137.226082
317.826394,137.226082
317.953423,137.226082
318.080452,137.226082
318.969654,137.140567
319.096683,137.140567
319.223712,137.140567
319.350741,137.140567
319.477770,137.397114
319.604799,137.397114
319.731828,137.482630
319.858857,137.482630
319.985886,137.653661
320.112915,137.653661
320.239944,138.679850
320.366972,138.679850
320.494001,138.679850
320.621030,138.679850
320.748059,139.192945
320.875088,139.192945
321.002117,139.192945
321.129146,139.192945
321.256175,139.192945
321.383204,139.192945
321.510233,139.192945
321.637262,139.192945
321.764291,139.192945
321.891320,139.192945
322.018349,139.192945
322.145378,139.192945
322.272406,138.936398
322.399435,138.936398
322.526464,138.936398
322.653493,138.936398
322.780522,138.936398
322.907551,138.936398
323.034580,138.936398
323.161609,138.936398
323.288638,139.192945
323.415667,139.192945
323.542696,139.577766
323.669725,139.577766
323.796754,139.577766
323.923783,139.577766
324.050812,139.577766
324.177841,139.577766
324.304869,139.577766
324.431898,139.577766
324.558927,139.577766
324.685956,139.577766
324.812985,139.577766
324.940014,139.577766
325.067043,139.577766
325.194072,139.577766
325.321101,139.577766
325.448130,139.577766
325.575159,139.577766
325.702188,139.577766
325.829217,139.107429
325.956246,139.107429
326.083275,138.936398
326.210303,138.936398
326.337332,138.936398
330.910374,141.245323
331.037403,141.245323
331.164432,141.245323
331.418490,142.528060
331.545519,142.528060
331.672548,142.528060
331.799577,142.528060
331.926606,142.699091
332.053634,142.699091
332.180663,142.784607
332.307692,142.784607
332.434721,142.784607
332.561750,142.784607
332.688779,142.784607
332.815808,142.784607
332.942837,142.784607
333.069866,142.784607
333.196895,142.699091
333.323924,142.699091
334.467184,142.014965
334.594213,142.014965
334.721242,142.014965
334.848271,142.014965
334.975300,142.014965
335.102329,142.014965
335.229358,142.014965
335.356387,142.014965
335.483416,141.929449
335.610445,141.929449
335.737474,141.672902
335.864502,141.672902
339.294284,138.936398
339.421313,138.936398
339.548342,139.577766
339.675371,139.577766
339.802399,139.577766
339.929428,139.577766
340.056457,139.577766
340.183486,139.577766
340.310515,139.577766
340.437544,139.577766
340.564573,138.508819
340.691602,138.508819
340.818631,139.192945
340.945660,139.192945
341.072689,139.577766
341.199718,139.577766
341.326747,139.577766
341.453776,139.577766
341.580805,139.577766
341.707833,139.577766
341.834862,139.577766
341.961891,139.577766
342.088920,141.416355
342.215949,141.416355
342.342978,141.416355
342.470007,141.416355
342.597036,141.416355
342.724065,141.416355
342.851094,141.416355
342.978123,141.416355
343.359210,141.758418
343.486239,141.758418
343.613267,141.758418
343.740296,141.758418
343.867325,141.758418
343.994354,141.758418
344.121383,141.758418
344.248412,141.758418
344.375441,141.758418
344.502470,141.758418
344.629499,139.577766
344.756528,139.577766
344.883557,139.577766
345.010586,139.577766
345.137615,139.577766
345.264644,139.577766
345.391673,139.577766
345.518701,139.577766
345.645730,139.577766
345.772759,139.577766
345.899788,139.107429
346.026817,139.107429
346.153846,139.577766
346.280875,139.577766
346.407904,139.577766
346.534933,139.577766
346.661962,139.577766
346.788991,139.577766
346.916020,139.577766
347.043049,139.577766
347.678193,141.416355
347.805222,141.416355
347.932251,141.416355
348.059280,141.416355
348.186309,141.416355
348.313338,141.416355
348.440367,141.416355
348.567396,141.416355
348.694425,141.330839
348.821454,141.330839
348.948483,139.577766
349.075512,139.577766
349.202541,139.577766
349.329570,139.577766
349.456598,139.577766
349.583627,139.577766
349.710656,139.577766
349.837685,139.577766
349.964714,138.679850
350.091743,138.679850
350.218772,138.679850
350.345801,138.679850
350.472830,138.508819
350.599859,138.508819
350.726888,137.482630
350.853917,137.482630
350.980946,137.226082
351.107975,137.226082
351.235004,137.140567
351.362032,137.140567
351.489061,138.166756
351.616090,138.166756
351.743119,138.166756
351.870148,138.166756
351.997177,139.577766
352.124206,139.577766
352.251235,139.577766
352.378264,139.577766
352.505293,139.577766
352.632322,139.577766
352.759351,139.577766
352.886380,139.577766
353.013409,139.577766
353.140438,139.577766
353.267466,139.577766
353.394495,139.577766
353.521524,139.577766
353.648553,139.577766
353.775582,139.577766
353.902611,139.577766
354.029640,139.577766
354.156669,139.577766
354.283698,139.449492
354.410727,139.449492
354.537756,139.192945
354.664785,139.192945
354.791814,139.107429
354.918843,139.107429
355.045872,137.653661
355.172900,137.653661
355.299929,137.739177
355.426958,137.739177
355.553987,137.739177
355.681016,137.739177
355.808045,137.739177
355.935074,137.739177
356.062103,137.739177
356.189132,137.739177
356.316161,137.739177
356.443190,137.739177
356.570219,137.739177
356.697248,137.739177
356.824277,138.508819
356.951306,138.508819
357.078335,138.936398
357.205363,138.936398
357.332392,138.936398
357.459421,138.936398
357.586450,139.021913
357.713479,139.021913
357.840508,139.363976
357.967537,139.363976
358.094566,139.449492
358.221595,139.449492
358.348624,139.449492
358.475653,139.449492
358.602682,139.449492
358.729711,139.449492
358.856740,139.449492
358.983769,139.449492
359.110797,139.449492
359.237826,139.449492
359.364855,138.679850
359.491884,138.679850
359.618913,138.679850
359.745942,138.679850
359.872971,138.679850
360.000000,138.679850
360.127029,138.679850
360.254058,138.679850
360.381087,138.423303
360.508116,138.423303
360.635145,138.423303
360.762174,138.423303
360.889203,138.423303
361.016231,138.423303
361.143260,138.423303
361.270289,138.423303
361.397318,139.577766
361.524347,139.577766
361.651376,139.577766
361.778405,139.577766
361.905434,139.577766
362.032463,139.577766
362.159492,139.577766
362.286521,139.577766
362.413550,139.577766
362.540579,139.577766
362.667608,139.278461
362.794637,139.278461
362.921665,138.765366
363.048694,138.765366
363.175723,138.508819
363.302752,138.508819
363.429781,138.508819
363.556810,138.508819
363.683839,138.508819
363.810868,138.508819
363.937897,138.423303
364.064926,138.423303
364.191955,138.423303
364.318984,138.423303
364.446013,138.679850
364.573042,138.679850
364.700071,138.679850
364.827100,138.679850
364.954128,138.679850
365.081157,138.679850
365.208186,138.679850
365.335215,138.679850
365.462244,138.679850
365.589273,138.679850
365.716302,138.679850
365.843331,138.679850
365.970360,138.679850
366.097389,138.679850
366.224418,138.508819
366.351447,138.508819
366.478476,138.508819
366.605505,138.508819
366.732534,138.936398
366.859562,138.936398
366.986591,138.936398
367.113620,138.936398
367.240649,138.936398
367.367678,138.936398
367.494707,138.936398
367.621736,138.936398
367.748765,138.936398
367.875794,138.936398
368.002823,138.936398
368.129852,138.936398
368.256881,139.577766
368.383910,139.577766
368.510939,139.577766
368.637968,139.577766
368.764996,139.577766
368.892025,139.577766
369.019054,139.577766
369.146083,139.577766
370.035286,139.449492
370.162315,139.449492
370.289344,139.449492
370.416373,139.449492
370.543402,139.449492
370.670430,139.449492
370.797459,139.449492
370.924488,139.449492
371.051517,139.192945
371.178546,139.192945
371.305575,138.765366
371.432604,138.765366
371.559633,138.679850
371.686662,138.679850
371.813691,138.166756
371.940720,138.166756
372.067749,137.397114
372.194778,137.397114
372.321807,137.397114
372.448836,137.397114
372.575865,137.397114
372.702893,137.397114
372.829922,136.969535
372.956951,136.969535
373.083980,136.969535
373.211009,136.969535
373.338038,136.969535
373.465067,136.969535
373.592096,136.969535
373.719125,136.969535
373.846154,136.969535
373.973183,136.969535
374.100212,136.884019
374.227241,136.884019
374.354270,136.712988
374.481299,136.712988
374.608327,135.943346
374.735356,135.943346
374.862385,136.028862
374.989414,136.028862
375.116443,136.199893
375.243472,136.199893
375.370501,136.199893
375.497530,136.199893
375.624559,136.199893
375.751588,136.199893
375.878617,136.199893
376.005646,136.199893
376.132675,136.199893
376.259704,136.199893
376.386733,136.114377
376.513761,136.114377
380.451658,137.311598
380.578687,137.311598
380.705716,138.166756
380.832745,138.166756
380.959774,138.166756
381.086803,138.166756
381.213832,138.166756
381.340861,138.166756
381.467890,138.166756
381.594919,138.166756
381.721948,138.166756
381.848977,138.166756
381.976006,137.482630
382.103035,137.482630
382.230064,137.482630
382.357092,137.482630
382.484121,137.482630
382.611150,137.482630
382.738179,137.482630
382.865208,137.482630
382.992237,137.311598
383.119266,137.311598
383.246295,137.226082
383.373324,137.226082
387.565279,137.653661
387.692308,137.653661
387.819337,137.739177
387.946366,137.739177
388.073394,137.910208
388.200423,137.910208
388.327452,137.995724
388.454481,137.995724
388.581510,137.995724
388.708539,137.995724
388.835568,137.995724
388.962597,137.995724
389.089626,137.995724
389.216655,137.995724
389.343684,137.824693
389.470713,137.824693
389.597742,137.482630
389.724771,137.482630
389.851800,137.482630
389.978829,137.482630
390.105857,137.482630
390.232886,137.482630
390.359915,137.397114
390.486944,137.397114
391.122089,136.199893
391.249118,136.199893
391.376147,136.456440
391.503176,136.456440
391.630205,136.456440
391.757234,136.456440
391.884263,136.456440
392.011291,136.456440
392.138320,136.884019
392.265349,136.884019
392.392378,136.969535
392.519407,136.969535
392.646436,137.055051
392.773465,137.055051
392.900494,137.397114
393.027523,137.397114
393.154552,137.397114
393.281581,137.397114
393.408610,138.423303
393.535639,138.423303
393.662668,138.423303
393.789697,138.423303
393.916725,138.423303
394.043754,138.423303
394.170783,139.107429
394.297812,139.107429
394.424841,139.192945
394.551870,139.192945
394.678899,139.278461
394.805928,139.278461
394.932957,139.278461
395.059986,139.278461
395.187015,139.278461
395.314044,139.278461
395.441073,139.278461
395.568102,139.278461
395.695131,139.278461
395.822159,139.278461
395.949188,139.278461
396.076217,139.278461
396.203246,139.577766
396.330275,139.577766
396.457304,139.577766
396.584333,139.577766
396.711362,139.577766
396.838391,139.577766
396.965420,139.577766
397.092449,139.577766
398.489767,141.501871
398.616796,141.501871
398.743825,141.501871
398.870854,141.501871
398.997883,141.501871
399.124912,141.501871
399.251941,141.501871
399.378970,141.501871
399.505999,141.501871
399.633028,141.501871
399.760056,141.501871
399.887085,141.501871
400.522230,139.577766
400.649259,139.577766
400.776288,139.577766
400.903317,139.577766
401.030346,139.577766
401.157375,139.577766
401.284404,139.577766
401.411433,139.577766
401.538462,139.535008
401.665490,139.535008
401.792519,139.535008
401.919548,139.535008
403.316867,141.416355
403.443896,141.416355
403.570924,141.501871
403.697953,141.501871
403.824982,141.587386
403.952011,141.587386
404.079040,141.587386
404.206069,141.587386
404.333098,141.758418
404.460127,141.758418
404.587156,141.758418
404.714185,141.758418
404.841214,142.271513
404.968243,142.271513
405.095272,142.271513
405.222301,142.271513
405.349330,142.271513
405.476359,142.271513
405.603387,142.271513
405.730416,142.271513
405.857445,142.271513
405.984474,142.271513
406.111503,142.271513
406.238532,142.271513
406.365561,142.271513
406.492590,142.271513
406.619619,141.501871
406.746648,141.501871
406.873677,141.501871
407.000706,141.501871
407.127735,141.501871
407.254764,141.501871
407.381793,141.501871
407.508821,141.501871
407.635850,141.501871
407.762879,141.501871
407.889908,141.501871
408.016937,141.501871
408.398024,141.245323
408.525053,141.245323
408.652082,141.245323
408.779111,141.245323
408.906140,141.245323
409.033169,141.245323
409.160198,141.245323
409.287227,141.245323
409.922371,139.577766
410.049400,139.577766
410.176429,139.577766
410.303458,139.577766
410.430487,139.577766
410.557516,139.577766
410.684545,139.577766
410.811574,139.577766
410.938603,139.577766
411.065632,139.577766
411.192661,139.577766
411.319689,139.577766
411.446718,139.577766
411.573747,139.577766
412.208892,139.577766
412.335921,139.577766
412.462950,139.577766
412.589979,139.577766
412.717008,139.577766
412.844037,139.577766
412.971066,139.577766
413.098095,139.577766
413.225124,139.192945
413.352152,139.192945
413.479181,138.594335
413.606210,138.594335
413.733239,138.508819
413.860268,138.508819
413.987297,138.337787
414.114326,138.337787
414.241355,137.055051
414.368384,137.055051
414.495413,134.233030
414.622442,134.233030
414.749471,134.233030
414.876500,134.233030
415.003529,136.114377
415.130558,136.114377
415.257586,136.199893
415.384615,136.199893
415.511644,136.199893
415.638673,136.199893
415.765702,136.199893
415.892731,136.199893
416.019760,136.199893
416.146789,136.199893
417.798165,136.199893
417.925194,136.199893
418.052223,136.199893
418.179252,136.199893
418.306281,136.199893
418.433310,136.199893
418.560339,136.199893
418.687368,136.199893
418.814397,136.199893
418.941426,136.199893
419.322512,136.798503
419.449541,136.798503
419.576570,137.995724
419.703599,137.995724
419.830628,137.995724
419.957657,137.995724
420.084686,138.594335
420.211715,138.594335
420.338744,138.679850
420.465773,138.679850
420.592802,138.679850
420.719831,138.679850
420.846860,138.679850
420.973888,138.679850
421.100917,138.679850
421.227946,138.679850
421.609033,138.423303
421.736062,138.423303
421.863091,138.508819
421.990120,138.508819
422.117149,138.508819
422.244178,138.508819
422.371207,138.508819
422.498236,138.508819
422.625265,138.508819
422.752294,138.508819
422.879323,138.423303
423.006351,138.423303
423.133380,138.423303
423.260409,138.423303
423.387438,138.423303
423.514467,138.423303
423.641496,138.936398
423.768525,138.936398
423.895554,139.021913
424.022583,139.021913
424.149612,139.021913
424.276641,139.021913
424.403670,139.021913
424.530699,139.021913
424.657728,139.021913
424.784757,139.021913
424.911785,139.021913
425.038814,139.021913
425.165843,139.021913
425.292872,139.021913
425.419901,138.936398
425.546930,138.936398
425.673959,138.508819
425.800988,138.508819
425.928017,137.910208
426.055046,137.910208
426.182075,137.739177
426.309104,137.739177
426.436133,137.653661
426.563162,137.653661
426.690191,137.739177
426.817219,137.739177
426.944248,137.739177
427.071277,137.739177
427.198306,137.910208
427.325335,137.910208
427.452364,137.995724
427.579393,137.995724
427.706422,138.936398
427.833451,138.936398
427.960480,138.936398
428.087509,138.936398
428.214538,139.278461
428.341567,139.278461
428.468596,139.577766
428.595625,139.577766
428.722653,139.577766
428.849682,139.577766
428.976711,139.577766
429.103740,139.577766
429.230769,139.577766
429.357798,139.577766
429.484827,139.577766
429.611856,139.577766
429.738885,139.577766
429.865914,139.577766
429.992943,139.577766
430.119972,139.577766
430.247001,139.278461
430.374030,139.278461
430.501059,139.278461
430.628088,139.278461
430.755116,139.278461
430.882145,139.278461
431.009174,139.278461
431.136203,139.278461
431.263232,139.278461
431.390261,139.278461
431.517290,139.107429
431.644319,139.107429
431.771348,138.594335
431.898377,138.594335
432.025406,138.252272
432.152435,138.252272
432.279464,138.252272
432.406493,138.252272
432.533522,138.252272
432.660550,138.252272
432.787579,138.166756
432.914608,138.166756
433.041637,138.081240
433.168666,138.081240
433.295695,137.739177
433.422724,137.739177
433.549753,138.423303
433.676782,138.423303
433.803811,138.508819
433.930840,138.508819
434.057869,138.508819
434.184898,138.508819
434.311927,138.508819
434.438956,138.508819
434.565984,138.508819
434.693013,138.508819
434.820042,138.508819
434.947071,138.508819
435.074100,138.423303
435.201129,138.423303
435.836274,138.423303
435.963303,138.423303
436.090332,138.423303
436.217361,138.423303
436.344390,138.423303
436.471418,138.423303
436.598447,138.423303
436.725476,138.423303
436.852505,138.423303
436.979534,138.423303
437.106563,138.423303
437.233592,138.423303
437.360621,138.081240
437.487650,138.081240
437.614679,137.397114
437.741708,137.397114
437.868737,137.397114
437.995766,137.397114
438.122795,137.482630
438.249824,137.482630
438.376853,137.739177
438.503881,137.739177
438.630910,137.739177
438.757939,137.739177
438.884968,139.192945
439.011997,139.192945
439.139026,139.278461
439.266055,139.278461
439.393084,139.278461
439.520113,139.278461
439.647142,139.278461
439.774171,139.278461
439.901200,139.278461
440.028229,139.278461
440.155258,139.278461
440.282287,139.278461
440.409315,139.278461
440.536344,139.278461
440.663373,139.278461
444.982357,139.107429
445.109386,139.107429
445.236415,139.192945
445.363444,139.192945
445.490473,139.192945
445.617502,139.192945
445.744531,139.192945
445.871560,139.192945
445.998589,139.577766
446.125618,139.577766
446.252646,139.577766
446.379675,139.577766
446.506704,139.577766
446.633733,139.577766
446.760762,139.577766
446.887791,139.577766
447.014820,139.577766
447.141849,139.577766
448.031052,141.245323
448.158080,141.245323
448.285109,141.245323
448.412138,141.245323
448.539167,141.245323
448.666196,141.245323
448.793225,141.245323
448.920254,141.245323
450.317572,139.577766
450.444601,139.577766
450.571630,139.577766
450.698659,139.577766
450.825688,139.577766
450.952717,139.577766
451.079746,139.577766
451.206775,139.577766
451.333804,139.192945
451.460833,139.192945
451.587862,137.397114
451.714891,137.397114
451.841920,137.910208
451.968948,137.910208
452.095977,137.910208
452.223006,137.910208
452.350035,138.423303
452.477064,138.423303
452.604093,138.508819
452.731122,138.508819
452.858151,138.508819
452.985180,138.508819
453.112209,138.508819
453.239238,138.508819
453.366267,139.577766
453.493296,139.577766
453.620325,139.577766
453.747354,139.577766
453.874382,142.442544
454.001411,142.442544
454.128440,144.067344
454.255469,144.067344
454.382498,144.409407
454.509527,144.409407
454.636556,144.409407
454.763585,144.409407
454.890614,146.205238
455.017643,146.205238
455.144672,146.205238
455.271701,146.205238
455.398730,149.412079
455.525759,149.412079
455.652788,149.412079
455.779817,149.412079
455.906845,149.412079
456.033874,149.412079
456.160903,149.412079
456.287932,149.412079
456.414961,149.412079
456.541990,149.412079
456.669019,149.412079
456.796048,149.412079
456.923077,149.369321
457.050106,149.369321
457.177135,148.685195
457.304164,148.685195
457.431193,146.803848
457.558222,146.803848
457.685251,144.409407
457.812279,144.409407
457.939308,144.409407
458.066337,144.409407
458.193366,143.297702
458.320395,143.297702
458.447424,142.014965
458.574453,142.014965
458.701482,141.330839
458.828511,141.330839
458.955540,139.577766
459.082569,139.577766
459.209598,139.577766
459.336627,139.577766
459.463656,139.577766
459.590685,139.577766
459.717713,139.577766
459.844742,139.577766
459.971771,139.577766
460.098800,139.577766
460.225829,142.271513
460.352858,142.271513
460.479887,143.725281
460.606916,143.725281
460.733945,143.725281
460.860974,143.725281
460.988003,143.725281
461.115032,143.725281
461.242061,143.725281
461.369090,143.725281
461.496119,143.725281
461.623147,143.725281
461.750176,143.981828
461.877205,143.981828
462.004234,144.409407
462.131263,144.409407
462.258292,144.409407
462.385321,144.409407
462.512350,144.409407
462.639379,144.409407
462.766408,144.409407
462.893437,144.409407
463.020466,144.409407
463.147495,144.409407
463.274524,144.409407
463.401553,144.409407
463.528582,144.409407
463.655610,144.409407
463.782639,144.409407
463.909668,144.409407
464.036697,143.725281
464.163726,143.725281
464.290755,142.699091
464.417784,142.699091
464.544813,142.613576
464.671842,142.613576
464.798871,142.271513
464.925900,142.271513
465.052929,142.185997
465.179958,142.185997
465.306987,141.843934
465.434016,141.843934
465.561044,141.758418
465.688073,141.758418
465.815102,141.758418
465.942131,141.758418
470.388144,137.525387
470.515173,137.525387
470.642202,137.525387
470.769231,137.525387
470.896260,137.525387
471.023289,137.525387
471.150318,137.525387
471.277347,137.525387
471.404375,137.525387
471.531404,137.525387
471.658433,137.055051
471.785462,137.055051
474.453070,137.525387
474.580099,137.525387
474.707128,137.525387
474.834157,137.525387
474.961186,137.525387
475.088215,137.525387
475.215243,137.525387
475.342272,137.525387
475.469301,137.525387
475.596330,137.525387
477.247706,137.397114
477.374735,137.397114
477.501764,137.397114
477.628793,137.397114
477.755822,137.397114
477.882851,137.397114
478.009880,137.397114
478.136909,137.397114
478.263938,137.397114
478.390967,137.397114
478.517996,137.397114
478.645025,137.397114
478.772054,137.140567
478.899083,137.140567
479.153140,136.114377
479.280169,136.114377
479.407198,136.114377
481.058574,134.233030
481.185603,134.233030
481.312632,134.233030
481.439661,134.233030
481.566690,134.233030
481.693719,134.233030
481.820748,134.233030
481.947777,134.233030
482.074806,134.147515
482.201835,134.147515
482.328864,133.634420
482.455893,133.634420
482.582922,133.634420
482.709951,133.634420
482.836980,133.634420
482.964008,133.634420
483.091037,133.634420
483.218066,133.634420
483.345095,133.634420
483.472124,133.634420
483.599153,132.864778
483.726182,132.864778
483.853211,132.864778
483.980240,132.864778
484.107269,133.377873
484.234298,133.377873
484.361327,133.634420
484.488356,133.634420
484.615385,133.634420
484.742414,133.634420
484.869442,134.061999
484.996471,134.061999
485.123500,134.147515
485.250529,134.147515
485.377558,134.147515
485.504587,134.147515
485.631616,134.147515
485.758645,134.147515
485.885674,134.147515
486.012703,134.147515
486.139732,134.147515
486.266761,134.147515
486.393790,134.147515
486.520819,134.147515
486.647848,134.061999
486.774876,134.061999
486.901905,133.890967
487.028934,133.890967
487.155963,133.805452
487.282992,133.805452
487.410021,133.634420
487.537050,133.634420
487.664079,133.206841
487.791108,133.206841
487.918137,133.121325
488.045166,133.121325
488.172195,132.608231
488.299224,132.608231
488.426253,132.266168
488.553282,132.266168
488.680311,131.838589
488.807339,131.838589
488.934368,131.154463
489.061397,131.154463
489.188426,129.102084
489.315455,129.102084
489.442484,129.102084
489.569513,129.102084
489.696542,129.102084
489.823571,129.102084
489.950600,129.187600
490.077629,129.187600
490.204658,129.273116
490.331687,129.273116
490.458716,129.273116
490.585745,129.273116
490.712773,132.522715
490.839802,132.522715
490.966831,133.377873
491.093860,133.377873
491.220889,133.377873
491.347918,133.377873
491.474947,134.233030
491.601976,134.233030
491.729005,134.233030
491.856034,134.233030
491.983063,134.233030
492.110092,134.233030
492.237121,134.233030
492.364150,134.233030
492.491179,133.976483
492.618207,133.976483
492.745236,137.311598
492.872265,137.311598
492.999294,137.525387
493.126323,137.525387
493.253352,137.525387
493.380381,137.525387
493.507410,137.525387
493.634439,137.525387
493.761468,137.525387
493.888497,137.525387
494.015526,137.525387
494.142555,137.525387
494.269584,137.525387
494.396613,137.525387
494.523641,137.525387
494.650670,137.525387
494.777699,137.525387
494.904728,137.525387
495.031757,137.525387
495.158786,137.525387
495.285815,137.525387
495.412844,137.525387
495.539873,137.525387
495.666902,137.525387
495.793931,137.525387
495.920960,137.525387
496.047989,133.890967
496.175018,133.890967
496.302047,134.233030
496.429076,134.233030
496.556104,134.233030
496.683133,134.233030
496.810162,134.233030
496.937191,134.233030
497.064220,134.233030
497.191249,134.233030
497.318278,133.377873
497.445307,133.377873
497.572336,133.377873
497.699365,133.377873
497.826394,133.377873
501.891320,138.166756
502.018349,138.166756
502.145378,138.166756
502.272406,138.166756
502.399435,138.166756
502.526464,138.166756
502.653493,138.166756
502.780522,138.166756
502.907551,138.166756
503.034580,138.166756
503.161609,137.140567
503.288638,137.140567
503.415667,136.712988
503.542696,136.712988
503.669725,136.712988
503.796754,136.712988
503.923783,136.969535
504.050812,136.969535
504.177841,137.140567
504.304869,137.140567
504.431898,137.140567
504.558927,137.140567
504.685956,137.482630
504.812985,137.482630
504.940014,137.653661
505.067043,137.653661
505.194072,137.910208
505.321101,137.910208
505.448130,137.910208
505.575159,137.910208
505.702188,137.910208
505.829217,137.910208
505.956246,139.107429
506.083275,139.107429
506.210303,139.192945
506.337332,139.192945
506.464361,139.192945
506.591390,139.192945
506.718419,139.192945
506.845448,139.192945
506.972477,139.192945
507.099506,139.192945
507.226535,139.192945
507.353564,139.192945
507.480593,137.910208
507.607622,137.910208
507.734651,137.910208
507.861680,137.910208
507.988709,137.910208
508.115737,137.910208
508.242766,137.739177
508.369795,137.739177
508.496824,137.653661
508.623853,137.653661
508.750882,137.653661
508.877911,137.653661
509.004940,137.397114
509.131969,137.397114
509.258998,137.482630
509.386027,137.482630
509.513056,137.910208
509.640085,137.910208
509.767114,137.910208
509.894143,137.910208
510.021171,139.021913
510.148200,139.021913
510.275229,139.192945
510.402258,139.192945
510.529287,139.278461
510.656316,139.278461
510.783345,139.363976
510.910374,139.363976
511.037403,139.577766
511.164432,139.577766
511.291461,139.577766
511.418490,139.577766
511.545519,139.577766
511.672548,139.577766
511.799577,139.577766
511.926606,139.577766
514.594213,139.577766
514.721242,139.577766
514.848271,139.577766
514.975300,139.577766
515.102329,141.587386
515.229358,141.587386
515.356387,142.613576
515.483416,142.613576
515.610445,142.699091
515.737474,142.699091
515.864502,142.699091
515.991531,142.699091
516.118560,142.699091
516.245589,142.699091
516.372618,142.699091
516.499647,142.699091
516.626676,142.699091
516.753705,142.699091
516.880734,144.152859
517.007763,144.152859
517.134792,144.409407
517.261821,144.409407
517.388850,144.409407
517.515879,144.409407
517.642908,144.409407
517.769936,144.409407
517.896965,144.409407
518.023994,144.409407
518.151023,144.409407
518.278052,144.409407
518.405081,142.699091
518.532110,142.699091
518.659139,142.699091
518.786168,142.699091
518.913197,142.955639
519.040226,142.955639
519.167255,142.955639
519.294284,142.955639
519.421313,142.955639
519.548342,142.955639
519.675371,142.955639
519.802399,142.955639
519.929428,142.955639
520.056457,142.955639
520.183486,141.245323
520.310515,141.245323
520.437544,139.577766
520.564573,139.577766
520.691602,139.577766
520.818631,139.577766
520.945660,139.577766
521.072689,139.577766
521.199718,139.449492
521.326747,139.449492
521.453776,138.679850
521.580805,138.679850
521.707833,138.679850
521.834862,138.679850
521.961891,138.679850
522.088920,138.679850
522.215949,138.337787
522.342978,138.337787
522.470007,138.423303
522.597036,138.423303
522.724065,138.936398
522.851094,138.936398
522.978123,138.936398
523.105152,138.936398
523.232181,138.936398
523.359210,138.936398
523.486239,138.936398
523.613267,138.936398
523.740296,138.765366
523.867325,138.765366
523.994354,138.423303
524.121383,138.423303
524.248412,138.423303
524.375441,138.423303
524.502470,138.423303
524.629499,138.423303
524.756528,138.423303
524.883557,138.423303
525.010586,138.423303
525.137615,138.423303
525.264644,138.337787
525.391673,138.337787
525.518701,138.081240
525.645730,138.081240
525.772759,138.081240
525.899788,138.081240
526.026817,137.653661
526.153846,137.653661
526.280875,137.653661
526.407904,137.653661
526.534933,137.653661
526.661962,137.653661
526.788991,137.653661
526.916020,137.653661
529.075512,137.824693
529.202541,137.867451
529.329570,137.910208
529.456598,137.910208
529.583627,137.910208
529.710656,137.910208
529.837685,137.910208
529.964714,137.952966
530.091743,138.679850
530.218772,138.722608
530.345801,138.936398
530.472830,138.979156
530.599859,139.021913
530.726888,139.064671
530.853917,139.577766
530.980946,139.577766
531.107975,139.577766
531.235004,139.577766
531.362032,139.577766
531.489061,139.577766
531.616090,141.587386
531.743119,141.587386
531.870148,141.672902
531.997177,141.672902
532.124206,141.929449
532.251235,141.929449
532.378264,141.929449
532.505293,141.929449
532.632322,141.929449
532.759351,141.929449
532.886380,141.929449
533.013409,141.929449
533.394495,142.271513
533.521524,142.271513
533.648553,142.271513
533.775582,142.271513
533.902611,142.271513
534.029640,142.271513
534.156669,142.271513
534.283698,142.271513
534.410727,142.271513
534.537756,142.271513
534.664785,142.271513
534.791814,142.271513
534.918843,142.271513
535.045872,142.271513
535.172900,142.271513
535.299929,142.271513
535.681016,142.271513
535.808045,142.271513
535.935074,142.271513
536.062103,142.271513
536.189132,142.271513
536.316161,142.271513
536.443190,142.271513
536.570219,142.271513
536.697248,139.577766
536.824277,139.577766
537.205363,139.577766
537.332392,139.577766
537.459421,139.577766
537.586450,139.577766
537.713479,139.577766
537.840508,139.577766
537.967537,139.577766
538.094566,139.577766
538.221595,139.577766
538.348624,139.577766
538.475653,139.107429
538.602682,139.107429
538.729711,138.423303
538.856740,138.423303
538.983769,138.423303
539.110797,138.423303
539.237826,138.423303
539.364855,138.423303
539.491884,138.423303
539.618913,138.423303
539.745942,139.107429
539.872971,139.150187
540.000000,139.363976
540.127029,139.406734
540.254058,139.449492
540.381087,139.449492
540.508116,139.449492
540.635145,139.449492
540.762174,139.449492
540.889203,139.449492
541.016231,139.449492
541.143260,139.449492
541.270289,139.449492
541.397318,139.449492
541.524347,139.449492
541.651376,139.449492
541.778405,139.449492
541.905434,139.449492
542.032463,139.449492
542.159492,139.449492
542.286521,139.449492
542.413550,139.449492
542.540579,139.278461
542.667608,139.321219
542.794637,139.577766
542.921665,139.577766
543.048694,139.577766
543.175723,139.577766
543.302752,139.577766
543.429781,139.577766
543.556810,139.577766
543.683839,139.577766
543.810868,139.577766
543.937897,139.577766
544.064926,139.577766
544.191955,139.577766
544.318984,139.192945
544.446013,139.192945
544.573042,139.192945
544.700071,139.192945
544.827100,139.192945
544.954128,139.192945
546.097389,141.245323
546.224418,141.630144
546.351447,141.758418
546.478476,142.143239
546.605505,142.271513
546.732534,142.271513
546.859562,142.271513
546.986591,142.271513
547.113620,142.271513
547.240649,142.271513
547.367678,142.271513
547.494707,142.271513
547.621736,142.185997
547.748765,142.185997
547.875794,139.577766
548.002823,139.577766
548.129852,139.577766
548.256881,139.577766
548.383910,139.577766
548.510939,139.577766
548.637968,139.577766
548.764996,139.577766
549.146083,141.245323
549.273112,141.245323
549.400141,141.245323
549.527170,141.245323
549.654199,141.245323
549.781228,141.245323
549.908257,141.245323
550.035286,141.288081
550.162315,141.330839
550.289344,141.373597
550.416373,141.587386
550.543402,141.630144
550.670430,141.672902
550.797459,141.672902
550.924488,141.672902
551.051517,141.672902
551.178546,141.672902
551.305575,141.715660
551.432604,143.725281
551.559633,143.768038
551.686662,144.409407
551.813691,144.409407
551.940720,146.119722
552.067749,146.162480
552.194778,146.290754
552.321807,146.333511
552.448836,146.376269
552.575865,146.419027
552.702893,146.547301
552.829922,146.547301
552.956951,146.547301
553.083980,146.590059
553.211009,148.685195
553.338038,148.727953
553.465067,148.856227
553.592096,148.856227
553.719125,148.856227
553.846154,148.898985
553.973183,149.412079
554.100212,149.412079
554.227241,149.412079
554.354270,149.412079
554.481299,149.412079
554.608327,149.412079
554.735356,149.412079
554.862385,149.412079
554.989414,149.412079
559.054340,144.195617
559.181369,144.195617
559.308398,144.409407
559.435427,144.409407
559.562456,144.409407
559.689485,144.409407
559.816514,144.409407
559.943543,144.409407
560.070572,149.412079
560.197601,149.412079
560.324629,149.412079
560.451658,149.412079
560.578687,149.412079
560.705716,149.412079
560.832745,149.412079
560.959774,149.412079
561.086803,149.412079
561.213832,149.412079
561.340861,149.412079
561.467890,149.412079
561.594919,148.813469
561.721948,148.813469
561.848977,148.813469
561.976006,148.770711
562.103035,148.043827
562.230064,148.001069
562.357092,147.872795
562.484121,147.830037
562.611150,147.787280
562.738179,147.744522
565.151729,147.103153
565.278758,147.103153
565.405787,147.103153
565.532816,147.103153
565.659845,147.103153
565.786874,147.103153
565.913903,147.103153
566.040932,147.103153
566.167960,147.103153
566.294989,97.974345
566.422018,96.606093
566.549047,96.648851
566.676076,96.648851
566.803105,96.648851
566.930134,96.648851
567.057163,96.648851
567.184192,96.648851
567.311221,96.648851
568.962597,142.399786
569.089626,142.399786
569.216655,142.485302
569.343684,142.485302
569.470713,142.485302
569.597742,142.485302
569.724771,142.485302
569.851800,142.485302
569.978829,142.485302
570.105857,142.485302
570.232886,142.485302
570.359915,142.485302
570.486944,142.485302
570.613973,142.485302
570.741002,143.768038
570.868031,143.768038
570.995060,144.281133
571.122089,144.281133
571.249118,144.281133
571.376147,144.281133
571.503176,144.281133
571.630205,144.281133
571.757234,144.281133
571.884263,144.281133
572.011291,144.281133
572.138320,144.281133
572.265349,144.281133
572.392378,144.238375
572.519407,142.912881
572.646436,142.870123
572.773465,141.886692
572.900494,141.843934
573.027523,148.642437
573.154552,148.642437
573.281581,148.642437
573.408610,148.642437
573.535639,148.642437
573.662668,148.642437
573.789697,148.642437
573.916725,148.642437
574.043754,148.642437
574.170783,148.642437
574.297812,148.642437
574.424841,148.642437
574.551870,148.642437
574.678899,148.642437
574.805928,148.642437
574.932957,148.642437
575.059986,148.642437
575.187015,148.642437
575.314044,148.642437
575.441073,148.599679
575.568102,148.556921
575.695131,148.514164
576.203246,144.281133
576.330275,144.409407
576.457304,144.409407
576.584333,144.409407
576.711362,144.409407
576.838391,144.409407
576.965420,144.409407
577.092449,144.409407
577.219478,144.409407
577.346507,144.409407
577.473536,144.409407
581.411433,144.281133
581.538462,144.281133
581.665490,144.409407
581.792519,144.409407
581.919548,146.504543
582.046577,146.504543
582.173606,149.412079
582.300635,149.412079
582.427664,149.412079
582.554693,149.412079
582.681722,149.412079
582.808751,149.412079
582.935780,149.412079
583.062809,149.412079
583.189838,149.412079
583.316867,149.412079
583.443896,149.412079
583.570924,149.412079
583.697953,148.898985
583.824982,148.898985
583.952011,148.898985
584.079040,148.898985
584.206069,148.898985
584.333098,148.898985
584.460127,148.898985
584.587156,148.856227
584.714185,143.254944
584.841214,143.254944
584.968243,143.254944
585.095272,143.212186
585.222301,142.314270
585.349330,142.271513
585.476359,142.228755
585.603387,142.228755
585.730416,142.228755
585.857445,142.228755
585.984474,142.228755
586.111503,142.228755
586.238532,142.741849
586.365561,142.741849
586.492590,142.998397
586.619619,142.998397
586.746648,143.083912
586.873677,143.083912
587.000706,143.083912
587.127735,143.083912
587.254764,143.083912
587.381793,143.083912
587.508821,144.024586
587.635850,144.024586
587.762879,144.110102
587.889908,144.110102
588.016937,144.110102
588.143966,144.110102
588.270995,144.409407
588.398024,144.409407
588.525053,144.409407
588.652082,144.409407
588.779111,144.409407
588.906140,144.409407
589.033169,144.409407
589.160198,144.409407
589.287227,144.409407
589.414255,144.409407
589.541284,142.998397
589.668313,142.998397
589.795342,143.254944
589.922371,143.254944
590.049400,143.340460
590.176429,143.340460
590.303458,143.425975
590.430487,143.425975
590.557516,143.511491
590.684545,143.511491
590.811574,143.511491
590.938603,143.511491
591.065632,143.511491
591.192661,143.511491
591.319689,143.511491
591.446718,143.511491
591.573747,143.511491
591.700776,143.511491
591.827805,143.511491
591.954834,143.511491
592.081863,143.768038
592.208892,143.768038
592.335921,143.853554
592.462950,143.853554
592.589979,143.853554
592.717008,143.853554
592.844037,144.024586
592.971066,144.024586
593.098095,144.409407
593.225124,144.409407
593.352152,144.409407
593.479181,144.409407
593.606210,144.409407
593.733239,144.409407
593.860268,144.409407
593.987297,144.409407
594.114326,144.409407
594.241355,144.409407
594.368384,143.853554
594.495413,143.853554
594.622442,143.853554
594.749471,143.853554
594.876500,143.853554
595.003529,143.853554
595.130558,143.853554
595.257586,143.853554
595.384615,143.853554
595.511644,143.853554
595.638673,143.853554
595.765702,143.810796
595.892731,142.741849
596.019760,142.741849
596.146789,142.741849
596.273818,142.699091
597.671136,139.577766
597.798165,139.577766
597.925194,139.577766
598.052223,139.577766
598.179252,139.577766
598.306281,139.577766
598.433310,139.577766
598.560339,139.577766
598.687368,139.577766
598.814397,139.577766
598.941426,139.577766
599.068454,139.577766
599.195483,139.577766
599.322512,139.577766
599.449541,139.577766
599.576570,139.535008
599.703599,139.492250
599.830628,139.449492
600.465773,139.577766
600.592802,139.577766
600.719831,139.577766
600.846860,139.577766
600.973888,139.577766
601.100917,139.577766
601.227946,139.577766
601.354975,139.577766
601.482004,139.577766
601.609033,139.577766
601.736062,139.577766
601.863091,139.577766
601.990120,139.577766
602.117149,139.535008
602.244178,139.492250
602.371207,139.492250
602.498236,139.492250
602.625265,139.492250
602.752294,139.492250
602.879323,139.492250
603.006351,139.492250
603.133380,139.492250
603.260409,139.492250
603.387438,139.449492
603.514467,139.235703
603.641496,139.235703
603.768525,139.235703
603.895554,139.192945
604.022583,139.064671
604.149612,139.021913
604.276641,138.722608
604.403670,138.722608
604.530699,138.722608
604.657728,138.679850
604.784757,137.781935
604.911785,137.739177
605.292872,137.696419
605.419901,137.696419
605.546930,137.781935
605.673959,137.781935
605.800988,137.781935
605.928017,137.781935
606.055046,137.781935
606.182075,137.781935
606.309104,137.781935
606.436133,137.781935
606.563162,137.781935
606.690191,137.781935
606.817219,138.466061
606.944248,138.466061
607.071277,138.551577
607.198306,138.551577
607.325335,139.406734
607.452364,139.406734
607.579393,139.492250
607.706422,139.492250
607.833451,139.492250
607.960480,139.492250
608.087509,139.577766
608.214538,139.577766
608.341567,139.577766
608.468596,139.577766
608.595625,139.577766
608.722653,139.577766
608.849682,139.577766
608.976711,139.577766
609.103740,141.202565
609.230769,141.715660
609.357798,141.886692
609.484827,141.886692
609.611856,142.057723
609.738885,142.057723
609.865914,142.570818
609.992943,142.570818
610.119972,142.570818
610.247001,142.570818
610.374030,142.570818
610.501059,142.570818
610.628088,142.570818
610.755116,142.570818
610.882145,142.570818
615.963303,141.288081
616.090332,141.288081
616.217361,141.288081
616.471418,142.485302
616.598447,142.485302
616.725476,142.570818
616.852505,142.570818
616.979534,142.741849
617.106563,142.741849
617.233592,143.254944
617.360621,143.254944
617.487650,144.281133
617.614679,144.281133
617.741708,144.281133
617.868737,144.281133
617.995766,144.281133
618.122795,144.281133
618.249824,144.281133
618.376853,144.281133
618.757939,144.281133
618.884968,144.281133
619.011997,144.281133
619.139026,144.281133
619.266055,144.281133
619.393084,144.281133
619.520113,144.281133
619.647142,144.238375
619.901200,143.041154
620.028229,142.057723
620.155258,142.014965
620.536344,139.406734
620.663373,139.406734
620.790402,139.577766
620.917431,139.577766
621.044460,139.577766
621.171489,139.577766
621.298518,139.577766
621.425547,139.577766
621.552576,139.577766
621.679605,139.577766
621.806634,138.209514
621.933663,138.209514
622.060692,138.637092
622.187721,138.637092
622.314749,139.150187
622.441778,139.150187
622.568807,139.321219
622.695836,139.321219
622.822865,139.321219
622.949894,139.321219
623.076923,139.321219
623.203952,139.321219
623.330981,139.577766
623.458010,139.577766
623.585039,139.577766
623.712068,139.577766
623.839097,139.577766
623.966126,139.577766
624.093155,139.577766
624.220183,139.577766
624.855328,139.577766
624.982357,139.577766
625.109386,139.577766
625.236415,139.577766
625.363444,139.577766
625.490473,139.577766
625.617502,139.577766
625.744531,139.577766
625.871560,139.321219
625.998589,139.278461
626.125618,138.209514
626.252646,138.209514
626.379675,138.209514
626.506704,138.209514
626.633733,138.466061
626.760762,138.466061
626.887791,138.551577
627.014820,138.551577
627.141849,138.722608
627.268878,138.722608
627.395907,139.150187
627.522936,139.150187
627.649965,139.235703
627.776994,139.235703
627.904023,139.235703
628.031052,139.235703
628.158080,139.235703
628.285109,139.235703
628.412138,139.235703
628.539167,139.235703
628.666196,139.577766
628.793225,139.577766
628.920254,141.544629
629.047283,141.544629
629.174312,141.544629
629.301341,141.544629
629.428370,141.544629
629.555399,141.544629
629.682428,141.544629
629.809457,141.544629
629.936486,141.544629
630.063514,141.544629
630.190543,141.715660
630.317572,141.715660
630.444601,141.801176
630.571630,141.801176
630.698659,141.801176
630.825688,141.801176
630.952717,141.801176
631.079746,141.801176
631.206775,141.801176
631.333804,141.758418
631.460833,141.630144
631.587862,141.587386
631.714891,141.544629
631.841920,141.544629
631.968948,142.228755
632.095977,142.228755
632.223006,142.314270
632.350035,142.314270
632.477064,143.768038
632.604093,143.768038
632.731122,144.110102
632.858151,144.110102
632.985180,144.110102
633.112209,144.110102
633.239238,144.110102
633.366267,144.110102
633.493296,144.110102
633.620325,144.110102
633.747354,144.110102
633.874382,144.110102
634.001411,144.110102
634.128440,144.110102
634.255469,144.110102
634.382498,144.110102
634.509527,144.110102
634.636556,144.110102
634.763585,144.110102
634.890614,144.110102
635.017643,144.110102
635.144672,144.110102
635.271701,144.110102
635.398730,144.067344
635.525759,143.853554
635.652788,143.853554
635.779817,143.853554
635.906845,143.810796
636.033874,143.768038
636.160903,143.725281
636.287932,142.570818
636.414961,142.528060
636.541990,141.886692
636.669019,141.843934
636.796048,141.801176
636.923077,141.758418
637.050106,139.577766
637.177135,139.577766
637.304164,139.577766
637.431193,139.577766
637.558222,139.577766
637.685251,139.577766
637.812279,139.150187
637.939308,139.107429
638.066337,138.979156
638.193366,138.936398
638.320395,137.867451
638.447424,137.824693
638.574453,137.781935
638.701482,137.781935
638.828511,137.781935
638.955540,137.739177
639.844742,134.233030
639.971771,134.233030
640.098800,136.157135
640.352858,137.439872
640.479887,137.439872
640.606916,137.525387
640.733945,137.525387
640.860974,137.610903
640.988003,137.610903
641.115032,137.867451
641.242061,137.867451
641.369090,139.321219
641.496119,139.321219
641.623147,139.321219
641.750176,139.321219
641.877205,139.321219
642.004234,139.321219
642.131263,139.321219
642.258292,139.321219
642.385321,139.321219
642.512350,139.278461
642.639379,139.150187
642.766408,139.107429
642.893437,138.979156
643.020466,138.936398
643.147495,135.986104
643.274524,135.986104
643.401553,136.157135
643.528582,136.157135
643.655610,136.157135
643.782639,136.157135
643.909668,136.157135
644.036697,136.157135
644.163726,136.157135
644.290755,136.157135
644.417784,136.157135
644.544813,136.114377
645.688073,137.525387
645.815102,137.525387
645.942131,137.525387
646.069160,137.525387
646.196189,137.525387
646.323218,137.525387
646.450247,137.525387
646.577276,137.525387
646.704305,137.525387
646.831334,137.482630
646.958363,137.012293
647.085392,136.969535
647.212421,136.242651
647.339450,136.242651
647.466478,136.242651
647.593507,136.242651
647.720536,136.242651
647.847565,136.199893
647.974594,134.233030
648.101623,134.233030
648.228652,134.233030
648.355681,134.233030
648.482710,134.233030
648.609739,134.233030
648.736768,134.233030
648.863797,134.233030
648.990826,134.233030
649.117855,134.233030
649.244884,134.233030
649.371912,134.233030
649.498941,134.233030
649.625970,134.233030
649.752999,135.900588
649.880028,135.900588
650.007057,135.986104
650.134086,135.986104
650.261115,135.986104
650.388144,135.986104
650.515173,135.986104
650.642202,135.986104
650.769231,136.157135
650.896260,136.157135
651.023289,136.242651
651.150318,136.242651
651.277347,136.242651
651.404375,136.242651
651.531404,136.242651
651.658433,136.242651
651.785462,136.242651
651.912491,136.199893
652.039520,136.071619
652.166549,136.028862
652.293578,135.986104
652.420607,135.986104
652.547636,136.413683
652.674665,136.413683
652.801694,136.499198
652.928723,136.499198
653.055752,136.499198
653.182781,136.499198
653.309809,136.499198
653.436838,136.499198
653.563867,136.841261
653.690896,136.841261
653.817925,136.841261
653.944954,136.841261
654.071983,136.841261
654.199012,136.841261
654.326041,137.439872
654.453070,137.439872
654.580099,137.439872
654.707128,137.439872
654.834157,137.439872
654.961186,137.439872
655.088215,137.439872
655.215243,137.439872
655.342272,137.525387
655.469301,137.525387
655.596330,137.525387
655.723359,137.525387
655.850388,137.525387
655.977417,137.525387
656.104446,137.525387
656.231475,138.380545
656.358504,138.466061
656.485533,138.466061
656.612562,138.466061
656.739591,138.466061
656.866620,138.466061
656.993649,138.466061
657.120677,138.466061
657.247706,138.466061
657.374735,138.466061
657.501764,138.423303
657.628793,138.209514
658.645025,139.577766
658.772054,139.577766
658.899083,139.577766
659.026112,139.577766
659.153140,139.577766
659.280169,139.577766
659.407198,139.577766
659.534227,139.577766
659.661256,141.715660
659.788285,141.715660
659.915314,141.715660
660.042343,141.715660
660.169372,141.715660
660.296401,142.228755
660.423430,142.741849
660.550459,142.741849
660.677488,142.827365
660.804517,142.827365
660.931546,142.827365
661.058574,142.827365
661.185603,142.827365
661.312632,142.827365
661.439661,142.827365
661.566690,142.784607
661.693719,142.741849
661.820748,142.699091
661.947777,142.570818
662.074806,142.570818
662.201835,142.570818
662.328864,142.570818
662.455893,142.570818
662.582922,142.528060
662.709951,142.485302
662.836980,142.485302
662.964008,142.741849
663.091037,142.741849
663.218066,142.827365
663.345095,142.827365
663.472124,142.827365
663.599153,142.827365
663.726182,142.827365
663.853211,142.827365
663.980240,142.827365
664.107269,142.827365
664.234298,142.827365
664.361327,142.784607
664.488356,141.373597
664.615385,141.373597
664.742414,141.373597
664.869442,141.330839
665.123500,139.577766
665.250529,139.577766
665.377558,139.577766
665.504587,139.577766
665.631616,139.577766
665.758645,139.577766
665.885674,139.577766
666.012703,139.577766
666.139732,139.577766
666.266761,139.577766
666.393790,139.577766
666.520819,139.577766
666.647848,139.577766
666.774876,139.577766
666.901905,139.577766
672.364150,141.202565
672.491179,141.801176
672.618207,141.801176
672.745236,141.801176
672.872265,141.801176
672.999294,141.801176
673.126323,141.801176
673.253352,141.801176
673.380381,141.801176
673.761468,139.577766
673.888497,139.577766
674.015526,139.577766
674.142555,139.577766
674.269584,139.577766
674.396613,139.577766
674.523641,139.577766
674.650670,139.577766
674.777699,139.235703
674.904728,139.235703
675.031757,139.278461
675.158786,139.321219
675.285815,139.577766
675.412844,139.577766
675.539873,139.577766
675.666902,139.577766
675.793931,139.577766
675.920960,139.577766
676.047989,139.577766
676.175018,139.577766
676.302047,139.577766
676.429076,139.577766
676.556104,139.577766
676.683133,139.577766
676.810162,139.577766
676.937191,139.577766
677.064220,139.577766
677.191249,139.577766
677.318278,139.577766
677.445307,139.577766
677.572336,141.501871
677.699365,141.544629
677.826394,141.544629
677.953423,141.544629
678.080452,141.672902
678.207481,141.715660
678.334510,141.715660
678.461538,141.715660
678.588567,141.843934
678.715596,141.886692
678.842625,142.014965
678.969654,142.057723
679.096683,143.639765
679.223712,143.682523
679.350741,144.238375
679.477770,144.281133
679.604799,144.323891
679.731828,144.366649
679.858857,144.409407
679.985886,144.409407
680.112915,144.409407
680.239944,144.409407
680.366972,144.409407
680.494001,144.409407
680.621030,144.409407
680.748059,144.409407
680.875088,144.409407
681.002117,144.409407
681.129146,144.409407
681.256175,144.409407
681.383204,143.511491
681.510233,143.511491
681.637262,142.057723
681.764291,142.057723
681.891320,142.057723
682.018349,142.057723
682.653493,142.057723
682.780522,142.057723
682.907551,142.057723
683.034580,142.057723
683.161609,142.057723
683.288638,142.057723
683.415667,142.271513
683.542696,142.314270
683.669725,142.314270
683.796754,142.314270
683.923783,142.442544
684.050812,142.485302
684.177841,142.528060
684.304869,142.570818
684.431898,142.570818
684.558927,142.570818
684.685956,143.041154
684.812985,143.083912
684.940014,143.083912
685.067043,143.083912
685.194072,143.083912
685.321101,143.083912
685.448130,143.083912
685.575159,143.083912
685.702188,142.998397
685.829217,142.998397
685.956246,142.570818
686.083275,142.570818
686.210303,142.399786
686.337332,142.399786
686.464361,142.442544
686.591390,142.485302
686.718419,142.485302
686.845448,142.485302
686.972477,142.485302
687.099506,142.485302
687.226535,142.485302
687.353564,142.485302
687.480593,142.485302
687.607622,142.485302
687.734651,142.399786
687.861680,142.399786
687.988709,142.314270
688.115737,142.314270
688.242766,142.314270
688.369795,142.314270
688.496824,142.314270
688.623853,142.314270
688.750882,142.143239
688.877911,142.143239
689.004940,142.057723
689.131969,142.057723
689.258998,142.057723
689.386027,142.057723
689.513056,142.057723
689.640085,142.057723
689.767114,139.577766
689.894143,139.577766
690.021171,137.867451
690.148200,137.867451
690.275229,137.610903
690.402258,137.610903
690.529287,137.012293
690.656316,137.012293
690.783345,137.012293
690.910374,137.012293
691.037403,137.012293
691.164432,137.012293
691.291461,137.012293
691.418490,137.012293
691.545519,137.012293
691.672548,137.012293
691.799577,137.012293
691.926606,137.012293
692.053634,136.755746
692.180663,136.755746
692.307692,136.755746
692.434721,136.755746
692.561750,136.755746
692.688779,136.755746
692.815808,137.653661
692.942837,137.696419
693.069866,137.696419
693.196895,137.696419
693.323924,137.696419
693.450953,137.696419
693.577982,137.696419
693.705011,137.696419
693.832040,137.696419
693.959068,137.696419
694.086097,137.696419
694.213126,137.696419
694.340155,138.765366
694.467184,138.808124
694.594213,138.936398
694.721242,138.979156
694.848271,139.577766
694.975300,139.577766
695.102329,139.577766
695.229358,139.577766
695.356387,139.577766
695.483416,139.577766
695.610445,139.577766
695.737474,139.577766
696.118560,141.245323
696.245589,141.288081
696.372618,141.501871
696.499647,141.544629
696.626676,141.544629
696.753705,141.544629
696.880734,142.271513
697.007763,142.314270
697.134792,142.314270
697.261821,142.314270
697.388850,142.314270
697.515879,142.314270
697.642908,142.314270
697.769936,142.314270
697.896965,142.314270
698.023994,142.314270
698.151023,142.228755
698.278052,142.228755
698.405081,139.577766
698.532110,139.577766
698.659139,139.577766
698.786168,139.577766
698.913197,139.577766
699.040226,139.577766
699.167255,139.064671
699.294284,139.064671
699.421313,138.637092
699.548342,138.637092
699.675371,137.781935
699.802399,137.781935
699.929428,137.781935
700.056457,137.781935
700.437544,138.295029
700.564573,138.295029
700.691602,138.295029
700.818631,138.295029
700.945660,138.466061
701.072689,138.466061
701.199718,138.466061
701.326747,138.466061
701.453776,138.551577
701.580805,138.551577
701.707833,139.449492
701.834862,139.492250
701.961891,139.535008
702.088920,139.577766
702.215949,139.577766
702.342978,139.577766
702.470007,139.577766
702.597036,139.577766
702.724065,139.577766
702.851094,139.577766
702.978123,139.577766
703.105152,139.577766
703.232181,139.235703
703.359210,139.235703
703.486239,139.577766
703.613267,139.577766
703.740296,139.577766
703.867325,139.577766
703.994354,139.577766
704.121383,139.577766
704.248412,139.577766
704.375441,139.577766
705.010586,138.979156
705.137615,138.979156
705.264644,138.979156
705.391673,138.979156
705.518701,138.979156
705.645730,138.979156
705.772759,139.064671
705.899788,139.064671
706.026817,139.492250
706.153846,139.492250
706.280875,139.492250
706.407904,139.492250
706.534933,139.492250
706.661962,139.492250
706.788991,139.492250
706.916020,139.492250
707.043049,139.492250
707.170078,139.492250
707.297107,139.492250
707.424135,139.492250
707.805222,139.577766
707.932251,139.577766
708.059280,139.577766
708.186309,139.577766
708.313338,139.577766
708.440367,139.577766
708.567396,139.577766
708.694425,139.577766
710.091743,139.577766
710.218772,139.577766
710.345801,139.577766
710.472830,139.577766
710.599859,139.577766
710.726888,139.577766
710.853917,139.577766
710.980946,139.577766
711.107975,139.577766
711.235004,139.577766
712.378264,139.406734
712.505293,139.406734
712.632322,139.406734
712.759351,139.406734
712.886380,139.406734
713.013409,139.406734
713.140438,139.406734
713.267466,139.406734
713.394495,139.406734
713.521524,139.406734
713.648553,139.406734
713.775582,139.406734
713.902611,139.406734
714.029640,139.406734
714.664785,139.577766
714.791814,139.577766
714.918843,139.577766
715.045872,139.577766
715.172900,139.577766
715.299929,139.577766
715.426958,139.577766
715.553987,139.577766
715.681016,139.577766
715.808045,139.577766
715.935074,139.577766
716.062103,139.577766
716.189132,139.577766
716.316161,139.577766
716.443190,139.321219
716.570219,139.321219
716.697248,137.610903
716.824277,137.610903
716.951306,136.670230
717.078335,136.670230
717.205363,136.670230
717.332392,136.670230
717.459421,136.413683
717.586450,136.413683
717.713479,136.413683
717.840508,136.413683
717.967537,136.413683
718.094566,136.413683
718.221595,136.413683
718.348624,136.413683
718.475653,137.439872
718.602682,137.439872
718.729711,137.439872
718.856740,137.439872
718.983769,137.439872
719.110797,137.439872
719.237826,139.577766
719.364855,139.577766
719.491884,139.577766
719.618913,139.577766
719.745942,139.577766
719.872971,139.577766
720.000000,139.577766
720.127029,139.577766
720.254058,139.577766
720.381087,139.577766
721.016231,141.715660
721.143260,141.715660
721.270289,141.715660
721.397318,141.715660
721.524347,141.715660
721.651376,141.715660
721.778405,141.715660
721.905434,141.715660
722.032463,141.715660
722.159492,141.715660
722.286521,141.715660
722.413550,141.715660
722.540579,141.715660
722.667608,141.715660
722.794637,141.715660
722.921665,141.715660
723.048694,139.577766
723.175723,139.577766
723.302752,139.577766
723.429781,139.577766
723.556810,139.577766
723.683839,139.577766
723.810868,139.577766
723.937897,139.577766
724.064926,139.577766
724.191955,139.577766
724.318984,139.577766
724.446013,139.577766
724.573042,139.577766
724.700071,139.577766
724.827100,139.577766
724.954128,139.577766
725.081157,138.209514
725.208186,138.209514
725.335215,138.209514
725.462244,138.209514
725.589273,137.952966
725.716302,137.952966
725.843331,137.952966
725.970360,137.952966
726.097389,137.781935
726.224418,137.781935
732.448836,139.577766
732.575865,139.577766
732.702893,139.577766
732.829922,139.577766
732.956951,139.577766
733.083980,139.577766
733.211009,139.577766
733.338038,139.577766
733.465067,141.373597
733.592096,141.373597
733.719125,142.057723
733.846154,142.057723
733.973183,142.485302
734.100212,142.485302
734.227241,142.570818
734.354270,142.570818
734.481299,142.570818
734.608327,142.570818
734.735356,142.912881
734.862385,142.912881
734.989414,143.083912
735.116443,143.083912
735.243472,143.083912
735.370501,143.083912
735.497530,143.083912
735.624559,143.083912
735.751588,143.083912
735.878617,143.083912
736.005646,142.827365
736.132675,142.827365
736.259704,142.741849
736.386733,142.741849
736.513761,143.254944
736.640790,143.254944
736.767819,143.511491
736.894848,143.511491
737.021877,143.511491
737.148906,143.511491
737.275935,143.511491
737.402964,143.511491
737.529993,143.511491
737.657022,143.511491
737.784051,143.511491
737.911080,143.511491
738.038109,143.511491
738.165138,143.511491
738.292167,143.511491
738.419195,143.511491
738.546224,143.425975
738.673253,143.425975
738.800282,142.656334
738.927311,142.656334
739.054340,142.656334
739.181369,142.656334
739.308398,142.228755
739.435427,142.228755
739.562456,141.288081
739.689485,141.288081
739.816514,139.577766
739.943543,139.577766
740.070572,139.577766
740.197601,139.577766
740.324629,139.577766
740.451658,139.577766
740.578687,139.577766
740.705716,139.577766
740.832745,139.577766
740.959774,139.577766
741.086803,138.893640
741.213832,138.893640
741.340861,138.722608
741.467890,138.722608
741.594919,138.722608
741.721948,138.722608
741.848977,138.209514
741.976006,138.209514
742.103035,138.209514
742.230064,138.209514
742.357092,138.209514
742.484121,138.209514
742.611150,138.893640
742.738179,138.893640
742.865208,138.979156
742.992237,138.979156
743.119266,138.979156
743.246295,138.979156
743.373324,138.979156
743.500353,138.979156
743.627382,138.979156
743.754411,138.979156
743.881440,139.577766
744.008469,139.577766
744.135498,139.577766
744.262526,139.577766
744.389555,141.972207
744.516584,141.972207
744.643613,142.057723
744.770642,142.057723
744.897671,142.057723
745.024700,142.057723
745.151729,143.511491
745.278758,143.511491
745.405787,144.024586
745.532816,144.024586
745.659845,144.409407
745.786874,144.409407
745.913903,144.409407
746.040932,144.409407
746.167960,144.409407
746.294989,144.409407
746.422018,144.409407
746.549047,144.409407
746.676076,144.409407
746.803105,144.409407
746.930134,144.409407
747.057163,144.409407
747.184192,144.409407
747.311221,144.409407
747.438250,144.409407
747.565279,144.409407
747.692308,143.853554
747.819337,143.853554
747.946366,143.254944
748.073394,143.254944
748.200423,143.254944
748.327452,143.254944
748.454481,143.254944
748.581510,143.254944
748.708539,142.998397
748.835568,142.998397
748.962597,142.998397
749.089626,142.998397
749.216655,142.998397
749.343684,142.998397
749.470713,142.998397
749.597742,142.998397
749.978829,142.656334
750.105857,142.656334
750.232886,143.083912
750.359915,143.083912
750.486944,143.254944
750.613973,143.254944
750.741002,143.254944
750.868031,143.254944
750.995060,143.254944
751.122089,143.254944
751.249118,143.254944
751.376147,143.254944
751.503176,143.254944
751.630205,143.254944
751.757234,143.254944
751.884263,143.254944
752.011291,143.254944
752.138320,143.254944
752.265349,144.281133
752.392378,144.281133
752.519407,144.281133
752.646436,144.281133
752.773465,144.281133
752.900494,144.281133
753.027523,144.281133
753.154552,144.281133
753.281581,144.281133
753.408610,144.281133
753.535639,144.281133
753.662668,144.281133
753.789697,144.281133
753.916725,144.281133
754.043754,144.281133
754.170783,144.281133
754.297812,144.281133
754.424841,144.281133
754.551870,143.425975
754.678899,143.425975
754.805928,143.425975
754.932957,143.425975
755.059986,143.425975
755.187015,143.425975
755.314044,143.254944
755.441073,143.254944
755.568102,143.254944
755.695131,143.254944
755.822159,143.254944
755.949188,143.254944
756.076217,142.998397
756.203246,142.998397
756.330275,142.998397
756.457304,142.998397
756.584333,142.998397
756.711362,142.998397
756.838391,142.314270
756.965420,142.314270
757.092449,142.314270
757.219478,142.314270
757.346507,142.314270
757.473536,142.314270
757.600565,143.511491
757.727594,143.511491
757.854622,143.511491
757.981651,143.511491
758.108680,143.511491
758.235709,143.511491
758.362738,143.511491
758.489767,143.511491
758.616796,143.597007
758.743825,143.597007
758.870854,146.333511
758.997883,146.333511
759.124912,146.333511
759.251941,146.333511
759.378970,146.333511
759.505999,146.333511
759.633028,146.333511
759.760056,146.333511
759.887085,146.333511
760.014114,146.333511
760.141143,146.333511
760.268172,146.333511
760.395201,144.366649
760.522230,144.366649
760.903317,144.409407
761.030346,144.409407
761.157375,144.409407
761.284404,144.409407
761.411433,144.409407
761.538462,144.409407
761.665490,144.409407
761.792519,144.409407
761.919548,146.076964
762.046577,146.076964
762.173606,146.076964
762.300635,146.076964
762.427664,146.504543
762.554693,146.504543
762.681722,146.590059
762.808751,146.590059
762.935780,146.590059
763.062809,146.590059
763.189838,146.590059
763.316867,146.590059
763.443896,146.590059
763.570924,146.590059
763.697953,146.504543
763.824982,146.504543
763.952011,146.247996
764.079040,146.247996
764.206069,142.998397
764.333098,142.998397
764.460127,142.998397
764.587156,142.998397
764.714185,139.577766
764.841214,139.577766
764.968243,139.577766
765.095272,139.577766
765.222301,137.781935
765.349330,137.781935
765.476359,137.696419
765.603387,137.696419
765.730416,132.822020
765.857445,132.822020
765.984474,129.273116
766.111503,129.273116
766.238532,129.273116
766.365561,129.273116
766.492590,129.273116
766.619619,129.273116
766.746648,125.980759
766.873677,125.980759
767.000706,125.980759
767.127735,125.980759
767.254764,122.047034
767.381793,122.047034
767.508821,124.313201
767.635850,124.313201
767.762879,124.313201
767.889908,124.313201
768.016937,126.066275
768.143966,126.066275
768.270995,126.664885
768.398024,126.664885
768.525053,128.802779
768.652082,128.802779
768.779111,128.888295
768.906140,128.888295
769.033169,129.273116
769.160198,129.273116
769.287227,129.273116
769.414255,129.273116
769.541284,129.273116
769.668313,129.273116
769.795342,129.273116
769.922371,129.273116
770.049400,129.273116
770.176429,129.273116
770.303458,129.273116
770.430487,129.273116
770.557516,129.273116
770.684545,129.273116
770.811574,129.144842
770.938603,129.144842
771.065632,129.144842
771.192661,129.144842
771.319689,129.144842
771.446718,129.144842
771.573747,129.144842
771.700776,129.144842
771.827805,128.888295
771.954834,128.888295
772.081863,128.888295
772.208892,128.888295
772.335921,128.888295
772.462950,128.888295
772.589979,128.802779
772.717008,128.802779
772.844037,128.289685
772.971066,128.289685
773.098095,128.375200
773.225124,128.375200
773.352152,131.624800
773.479181,131.624800
773.606210,131.624800
773.733239,131.624800
773.860268,131.624800
773.987297,131.624800
774.114326,133.078568
774.241355,133.078568
774.368384,133.848210
774.495413,133.848210
774.622442,133.848210
774.749471,133.848210
774.876500,134.233030
775.003529,134.233030
775.130558,134.233030
775.257586,134.233030
775.384615,136.670230
775.511644,136.670230
775.638673,136.670230
775.765702,136.670230
775.892731,136.670230
776.019760,136.670230
776.146789,136.670230
776.273818,136.670230
776.400847,136.670230
776.527876,136.670230
776.654905,136.670230
776.781934,136.670230
776.908963,136.670230
777.035992,136.670230
777.163020,136.499198
777.290049,136.499198
777.417078,135.900588
777.544107,135.900588
777.671136,135.900588
777.798165,135.900588
777.925194,135.900588
778.052223,135.900588
778.179252,134.233030
778.306281,134.233030
778.433310,134.233030
778.560339,134.233030
778.687368,134.233030
778.814397,134.233030
778.941426,134.233030
779.068454,134.233030
779.195483,138.123998
779.322512,138.123998
779.449541,138.123998
779.576570,138.123998
779.703599,138.123998
779.830628,138.123998
779.957657,138.123998
780.084686,138.123998
780.211715,139.235703
780.338744,139.235703
780.465773,139.492250
780.592802,139.492250
780.719831,139.492250
780.846860,139.492250
780.973888,139.492250
781.100917,139.492250
781.227946,139.492250
781.354975,139.492250
781.482004,139.492250
781.609033,139.492250
781.736062,138.637092
781.863091,138.637092
781.990120,138.637092
782.117149,138.637092
782.244178,138.637092
782.371207,138.637092
782.498236,137.183324
782.625265,137.183324
782.752294,136.926777
782.879323,136.926777
783.006351,136.926777
783.133380,136.926777
783.260409,136.926777
783.387438,136.926777
783.514467,136.926777
783.641496,136.926777
787.706422,136.413683
787.833451,136.413683
787.960480,136.413683
788.087509,136.413683
788.214538,136.413683
788.341567,136.413683
788.468596,136.413683
788.595625,136.413683
788.722653,136.413683
788.849682,136.413683
788.976711,136.413683
789.103740,136.413683
789.230769,136.413683
789.357798,137.183324
789.484827,137.183324
789.611856,137.781935
789.738885,137.781935
789.865914,137.781935
789.992943,137.781935
790.119972,139.577766
790.247001,139.577766
790.374030,141.972207
790.501059,141.972207
790.628088,141.972207
790.755116,141.972207
790.882145,142.741849
791.009174,142.741849
791.136203,143.511491
791.263232,143.511491
791.390261,143.511491
791.517290,143.511491
791.644319,143.511491
791.771348,143.511491
791.898377,143.511491
792.025406,143.511491
792.152435,143.511491
792.279464,143.511491
792.406493,143.853554
792.533522,143.853554
792.660550,143.853554
792.787579,143.853554
792.914608,143.853554
793.041637,143.853554
793.168666,143.853554
793.295695,143.853554
793.422724,143.853554
793.549753,143.853554
793.676782,143.853554
793.803811,143.853554
793.930840,143.853554
794.057869,143.853554
794.184898,143.768038
794.311927,143.768038
794.565984,142.827365
794.693013,142.741849
794.820042,142.741849
795.201129,141.202565
795.328158,141.202565
795.455187,141.459113
795.582216,141.459113
795.709245,141.459113
795.836274,141.459113
795.963303,141.459113
796.090332,141.459113
796.217361,141.459113
796.344390,141.459113
796.471418,141.459113
796.598447,141.459113
796.725476,139.577766
796.852505,139.577766
796.979534,139.577766
797.106563,139.577766
797.233592,139.577766
797.360621,139.577766
797.487650,139.577766
797.614679,139.577766
797.741708,143.340460
797.868737,143.340460
797.995766,143.768038
798.122795,143.768038
798.249824,143.768038
798.376853,143.768038
798.503881,143.768038
798.630910,143.768038
798.757939,143.768038
798.884968,143.768038
799.011997,143.597007
799.139026,143.597007
799.266055,139.577766
799.393084,139.577766
799.520113,139.577766
799.647142,139.577766
799.774171,139.577766
799.901200,139.577766
800.028229,139.577766
800.155258,139.577766
800.282287,139.577766
800.409315,139.577766
800.536344,138.466061
800.663373,138.466061
800.790402,139.235703
800.917431,139.235703
801.044460,139.235703
801.171489,139.235703
801.298518,139.235703
801.425547,139.235703
801.552576,139.235703
801.679605,139.235703
801.806634,139.235703
801.933663,139.235703
802.060692,139.235703
802.187721,139.235703
802.314749,139.235703
802.441778,139.235703
802.568807,138.466061
802.695836,138.466061
802.822865,137.439872
802.949894,137.439872
803.076923,137.439872
803.203952,137.439872
803.330981,139.577766
803.458010,139.577766
803.585039,139.577766
803.712068,139.577766
803.839097,139.577766
803.966126,139.577766
804.093155,139.577766
804.220183,139.577766
804.347212,141.544629
804.474241,141.544629
804.601270,141.544629
804.728299,141.544629
804.855328,141.544629
804.982357,141.544629
805.109386,142.485302
805.236415,142.485302
805.363444,142.656334
805.490473,142.656334
805.617502,142.741849
805.744531,142.741849
805.871560,142.741849
805.998589,142.741849
806.125618,142.741849
806.252646,142.741849
806.379675,142.741849
806.506704,142.741849
806.633733,142.741849
806.760762,142.741849
806.887791,142.741849
807.014820,142.741849
807.141849,142.570818
807.268878,142.570818
807.395907,142.570818
807.522936,142.570818
807.649965,142.570818
807.776994,142.570818
807.904023,142.570818
808.031052,142.570818
808.158080,142.485302
808.285109,142.485302
808.412138,141.801176
808.539167,141.801176
808.666196,141.715660
808.793225,141.715660
808.920254,138.979156
809.047283,138.979156
809.174312,139.235703
809.301341,139.235703
809.428370,142.998397
809.555399,142.998397
809.682428,143.083912
809.809457,143.083912
809.936486,143.083912
810.063514,143.083912
810.190543,143.083912
810.317572,143.083912
810.444601,143.083912
810.571630,143.083912
810.698659,142.998397
810.825688,142.998397
810.952717,139.577766
811.079746,139.577766
811.206775,139.577766
811.333804,139.577766
811.460833,139.321219
811.587862,139.321219
811.714891,137.781935
811.841920,137.781935
811.968948,137.781935
812.095977,137.781935
812.223006,137.781935
812.350035,137.781935
812.477064,137.781935
812.604093,137.781935
812.731122,137.696419
812.858151,137.696419
812.985180,136.926777
813.112209,136.926777
813.239238,136.926777
813.366267,136.926777
813.493296,136.841261
813.620325,136.841261
814.001411,135.900588
814.255469,137.952966
814.382498,137.952966
814.509527,138.209514
814.636556,138.209514
814.763585,138.209514
814.890614,138.209514
815.017643,138.209514
815.144672,138.209514
815.271701,138.209514
815.398730,138.209514
815.525759,138.209514
815.652788,138.209514
815.779817,138.209514
815.906845,138.209514
816.033874,136.755746
816.160903,136.755746
816.287932,136.755746
816.414961,136.755746
816.541990,136.755746
816.669019,136.755746
816.796048,136.670230
816.923077,136.670230
817.050106,136.670230
817.177135,136.670230
817.304164,138.551577
817.431193,138.551577
817.558222,139.235703
817.685251,139.235703
817.812279,139.235703
817.939308,139.235703
818.066337,139.577766
818.193366,139.577766
818.320395,139.577766
818.447424,139.577766
818.574453,139.577766
818.701482,139.577766
818.828511,139.577766
818.955540,139.577766
819.336627,141.715660
819.463656,141.715660
819.590685,141.715660
819.717713,141.715660
819.844742,141.715660
819.971771,141.715660
820.098800,142.741849
820.225829,142.741849
820.352858,142.827365
820.479887,142.827365
820.606916,142.827365
820.733945,142.827365
820.860974,142.827365
820.988003,142.827365
821.115032,142.827365
821.242061,142.827365
821.369090,142.741849
821.496119,142.741849
821.623147,142.656334
821.750176,142.656334
821.877205,142.228755
822.004234,142.228755
822.131263,139.577766
822.258292,139.577766
822.385321,139.235703
822.512350,139.235703
822.639379,139.235703
822.766408,139.235703
822.893437,139.235703
823.020466,139.235703
823.147495,139.235703
823.274524,139.235703
823.401553,139.235703
823.528582,139.235703
823.655610,139.577766
823.782639,139.577766
823.909668,139.577766
824.036697,139.577766
824.163726,139.577766
824.290755,139.577766
824.417784,139.577766
824.544813,139.577766
824.671842,139.577766
824.798871,139.577766
825.942131,141.886692
826.069160,141.886692
826.196189,142.057723
826.323218,142.057723
826.450247,142.057723
826.577276,142.057723
826.704305,142.314270
826.831334,142.314270
826.958363,142.998397
827.085392,142.998397
827.212421,143.083912
827.339450,143.083912
827.466478,143.083912
827.593507,143.083912
827.720536,143.254944
827.847565,143.254944
827.974594,143.254944
828.101623,143.254944
828.228652,143.254944
828.355681,143.254944
828.482710,143.254944
828.609739,143.254944
828.736768,143.254944
828.863797,143.254944
828.990826,142.998397
829.117855,142.998397
829.244884,142.741849
829.371912,142.741849
829.498941,142.741849
829.625970,142.741849
829.752999,142.741849
829.880028,142.741849
830.007057,142.656334
830.134086,142.656334
830.261115,142.057723
830.388144,142.057723
830.515173,142.057723
830.642202,142.057723
830.769231,141.288081
830.896260,141.288081
831.023289,141.288081
831.150318,141.288081
831.277347,141.288081
831.404375,141.288081
831.531404,141.288081
831.658433,141.288081
831.785462,141.202565
831.912491,141.202565
832.039520,141.288081
832.166549,141.288081
832.293578,141.288081
832.420607,141.288081
832.547636,141.288081
832.674665,141.288081
832.801694,141.288081
832.928723,141.288081
835.469301,139.577766
835.596330,139.577766
835.723359,139.577766
835.977417,142.955639
836.104446,142.998397
836.231475,143.041154
836.358504,143.083912
836.485533,143.083912
836.612562,143.083912
836.739591,143.083912
836.866620,143.083912
836.993649,143.083912
837.120677,143.083912
837.247706,143.083912
837.374735,143.083912
837.501764,143.041154
837.628793,142.998397
837.755822,142.955639
837.882851,139.577766
838.009880,139.577766
838.136909,139.577766
838.263938,139.577766
838.390967,139.577766
838.517996,141.929449
838.645025,141.972207
838.772054,142.057723
838.899083,142.057723
839.026112,142.057723
839.153140,142.057723
839.280169,142.057723
839.407198,142.057723
839.534227,142.057723
843.599153,153.516836
843.726182,153.516836
843.853211,153.516836
843.980240,153.516836
844.107269,153.516836
844.234298,153.516836
844.361327,153.516836
844.615385,153.816141
844.742414,153.858899
844.869442,154.671299
844.996471,154.671299
845.123500,154.671299
845.250529,154.671299
845.377558,154.671299
845.504587,154.671299
845.631616,154.671299
845.758645,154.671299
845.885674,154.671299
846.012703,154.671299
846.139732,154.671299
846.266761,154.671299
846.393790,154.671299
846.520819,154.671299
846.647848,154.671299
846.774876,154.671299
846.901905,154.671299
847.028934,154.671299
847.155963,154.671299
847.282992,154.671299
847.410021,154.671299
847.537050,154.671299
847.664079,154.671299
847.791108,154.671299
847.918137,154.671299
848.045166,154.671299
848.172195,154.671299
848.299224,154.671299
848.426253,154.671299
848.553282,154.671299
848.680311,154.671299
848.807339,154.671299
848.934368,154.671299
849.061397,154.671299
849.188426,154.671299
849.315455,154.671299
849.442484,154.671299
849.569513,154.671299
849.696542,154.671299
849.823571,154.671299
849.950600,154.671299
850.077629,154.671299
850.204658,154.671299
850.331687,154.671299
850.458716,154.200962
850.585745,154.200962
850.712773,154.200962
850.839802,154.200962
850.966831,154.200962
851.093860,154.200962
851.220889,153.858899
851.347918,153.858899
851.474947,151.464458
851.601976,151.464458
851.729005,151.378942
851.856034,151.378942
852.491179,151.293426
852.618207,151.293426
852.745236,151.378942
852.872265,151.378942
852.999294,151.464458
853.126323,151.464458
853.253352,151.464458
853.380381,151.464458
853.507410,151.464458
853.634439,151.464458
853.761468,151.464458
853.888497,151.464458
854.015526,151.378942
854.142555,151.378942
854.269584,148.043827
854.396613,148.043827
854.523641,148.385890
854.650670,148.385890
854.777699,148.385890
854.904728,148.385890
855.031757,149.070016
855.158786,149.070016
855.285815,149.155532
855.412844,149.155532
855.539873,149.155532
855.666902,149.155532
855.793931,149.412079
855.920960,149.412079
856.047989,149.412079
856.175018,149.412079
856.302047,149.412079
856.429076,149.412079
856.556104,149.412079
856.683133,149.412079
860.621030,149.412079
860.748059,149.412079
860.875088,149.412079
861.002117,149.412079
861.129146,149.412079
861.256175,149.412079
861.383204,149.412079
861.510233,149.412079
861.637262,149.412079
861.764291,149.412079
861.891320,147.872795
862.018349,147.872795
862.145378,147.872795
862.272406,147.872795
862.399435,147.872795
862.526464,147.872795
862.653493,147.872795
862.780522,147.872795
862.907551,147.872795
863.034580,147.872795
863.161609,147.616248
863.288638,147.616248
863.415667,147.872795
863.542696,147.872795
863.669725,148.043827
863.796754,148.043827
863.923783,148.043827
864.050812,148.043827
864.177841,148.129343
864.304869,148.129343
864.431898,148.129343
864.558927,148.129343
864.685956,148.129343
864.812985,148.129343
864.940014,148.129343
865.067043,148.129343
865.194072,148.129343
865.321101,148.129343
865.448130,148.129343
865.575159,148.129343
865.702188,148.300374
865.829217,148.300374
865.956246,148.385890
866.083275,148.385890
866.210303,148.385890
866.337332,148.385890
866.464361,148.385890
866.591390,148.385890
866.718419,148.385890
866.845448,148.385890
866.972477,148.300374
867.099506,148.300374
867.226535,147.872795
867.353564,147.872795
867.480593,147.872795
867.607622,147.872795
867.734651,147.872795
867.861680,147.872795
867.988709,147.872795
868.115737,147.872795
868.242766,147.701764
868.369795,147.701764
868.496824,147.359701
868.623853,147.359701
868.750882,144.409407
868.877911,144.409407
869.004940,144.409407
869.131969,144.409407
869.258998,141.801176
869.386027,141.801176
869.513056,141.801176
869.640085,141.801176
869.767114,141.801176
869.894143,141.801176
870.021171,141.801176
870.148200,141.801176
870.275229,137.696419
870.402258,137.696419
870.529287,134.233030
870.656316,134.233030
870.783345,134.233030
870.910374,134.233030
871.037403,134.233030
871.164432,134.233030
871.291461,136.499198
871.418490,136.499198
871.545519,136.584714
871.672548,136.584714
871.799577,138.551577
871.926606,138.551577
872.053634,139.577766
872.180663,139.577766
872.307692,139.577766
872.434721,139.577766
872.561750,139.577766
872.688779,139.577766
872.815808,141.202565
872.942837,141.202565
873.069866,142.399786
873.196895,142.399786
873.323924,142.570818
873.450953,142.570818
873.577982,143.511491
873.705011,143.511491
873.832040,143.511491
873.959068,143.511491
874.086097,144.409407
874.213126,144.409407
874.340155,144.409407
874.467184,144.409407
874.594213,144.409407
874.721242,144.409407
874.848271,144.409407
874.975300,144.409407
875.610445,144.409407
875.737474,144.409407
875.864502,144.409407
875.991531,144.409407
876.118560,144.409407
876.245589,144.409407
876.372618,144.409407
876.499647,144.409407
876.626676,143.853554
876.753705,143.853554
876.880734,143.853554
877.007763,143.853554
877.134792,143.340460
877.261821,143.340460
877.388850,142.998397
877.515879,142.998397
877.642908,141.715660
877.769936,141.715660
877.896965,139.577766
878.023994,139.577766
878.151023,139.577766
878.278052,139.577766
878.405081,141.288081
878.532110,141.288081
878.659139,142.057723
878.786168,142.057723
878.913197,142.827365
879.040226,142.827365
879.167255,142.827365
879.294284,142.827365
879.421313,143.511491
879.548342,143.511491
879.675371,144.409407
879.802399,144.409407
879.929428,144.409407
880.056457,144.409407
880.183486,144.409407
880.310515,144.409407
880.437544,144.409407
880.564573,144.409407
880.691602,144.409407
880.818631,144.409407
881.199718,144.195617
881.326747,144.195617
881.453776,144.409407
881.580805,144.409407
881.707833,144.409407
881.834862,144.409407
881.961891,144.409407
882.088920,144.409407
882.215949,144.409407
882.342978,144.409407
882.470007,143.169428
882.597036,143.169428
882.724065,139.577766
882.851094,139.577766
882.978123,139.577766
883.105152,139.577766
883.232181,139.577766
883.359210,139.577766
883.486239,137.183324
883.613267,137.183324
883.740296,137.183324
883.867325,137.183324
883.994354,134.233030
884.121383,134.233030
884.248412,134.233030
884.375441,134.233030
884.502470,134.233030
884.629499,134.233030
884.756528,131.539284
884.883557,131.539284
885.010586,132.993052
885.137615,132.993052
885.264644,133.420631
885.391673,133.420631
885.518701,133.420631
885.645730,133.420631
885.772759,134.233030
885.899788,134.233030
886.026817,134.233030
886.153846,134.233030
886.280875,136.157135
886.407904,136.157135
886.534933,136.242651
886.661962,136.242651
886.788991,136.242651
886.916020,136.242651
887.043049,136.242651
887.170078,136.242651
887.297107,136.328167
887.424135,136.328167
887.551164,137.183324
887.678193,137.183324
887.805222,138.722608
887.932251,138.722608
888.059280,138.722608
888.186309,138.722608
888.313338,139.235703
888.440367,139.235703
888.567396,139.321219
888.694425,139.321219
888.821454,139.321219
888.948483,139.321219
889.075512,139.321219
889.202541,139.321219
889.329570,139.321219
889.456598,139.321219
889.583627,139.235703
889.710656,139.235703
889.837685,138.893640
889.964714,138.893640
890.091743,138.722608
890.218772,138.722608
890.345801,138.722608
890.472830,138.722608
890.599859,138.722608
890.726888,138.722608
890.853917,138.722608
890.980946,138.722608
891.107975,137.525387
891.235004,137.525387
891.362032,137.439872
891.489061,137.439872
891.616090,137.952966
891.743119,137.952966
891.870148,139.064671
891.997177,139.064671
892.124206,139.064671
892.251235,139.064671
892.378264,139.064671
892.505293,139.064671
892.632322,139.064671
892.759351,139.064671
892.886380,138.722608
893.013409,138.722608
893.648553,139.577766
893.775582,139.577766
893.902611,139.577766
894.029640,139.577766
894.156669,139.577766
894.283698,139.577766
894.410727,139.577766
894.537756,139.577766
894.664785,139.577766
894.791814,139.577766
894.918843,141.288081
895.045872,141.288081
895.172900,141.801176
895.299929,141.801176
895.426958,141.801176
895.553987,141.801176
895.681016,141.801176
895.808045,141.801176
895.935074,141.886692
896.062103,141.886692
896.189132,144.024586
896.316161,144.024586
896.443190,144.409407
896.570219,144.409407
896.697248,144.409407
896.824277,144.409407
896.951306,144.409407
897.078335,144.409407
897.205363,147.616248
897.332392,147.616248
897.459421,210.000000
897.586450,210.000000
897.713479,210.000000
897.840508,210.000000
897.967537,210.000000
898.094566,210.000000
